precision, usefulness, sensitivity, specificity, truePositive, falsePositive, trueNegative, falseNegative, actualPositives



*********************************

subject 0
precision, usefulness, sensitivity, specificity, truePositive, falsePositive, trueNegative, falseNegative

standardorder, threshold = 0.01, net number = 5 5x5  conv, 10 iterations, batchsize = 1000

[0.004522431259044862, 13203, 0.3333333333333333, 0.6750420738728631, 100, 22012, 45726, 200]
conv1.weighttensor([[[[ 0.0474, -0.2008,  0.0615, -0.1110,  0.0254],
          [-0.1985,  0.1224, -0.0067, -0.0293, -0.1610],
          [ 0.1622, -0.0282,  0.1751, -0.0992,  0.0374],
          [ 0.0059,  0.1278,  0.0629,  0.1627, -0.0158],
          [ 0.1543, -0.0682, -0.0519,  0.1485, -0.1070]]]])conv1.biastensor([0.0075])conv2.weighttensor([[[[ 0.0332, -0.1128,  0.0078,  0.1323, -0.1730],
          [ 0.1285, -0.0999, -0.1624,  0.1692, -0.0593],
          [ 0.0235, -0.0380,  0.1382, -0.0177,  0.1265],
          [ 0.1228,  0.0708, -0.0065, -0.0016,  0.1553],
          [ 0.1288,  0.1902, -0.0242, -0.0366, -0.0468]]]])conv2.biastensor([0.1243])conv3.weighttensor([[[[ 0.1363, -0.1739, -0.1933, -0.0023,  0.1644],
          [-0.2040, -0.0197,  0.0724,  0.1850,  0.1021],
          [ 0.1277,  0.1691, -0.1611,  0.1761, -0.1037],
          [-0.1964,  0.1872,  0.0063,  0.1597, -0.0869],
          [-0.1028,  0.1386,  0.0357,  0.0405,  0.1173]]]])conv3.biastensor([-0.0430])conv4.weighttensor([[[[-0.0129,  0.1581,  0.0535,  0.1555, -0.1534],
          [ 0.1145,  0.0996,  0.0116,  0.1765, -0.0006],
          [ 0.1653,  0.0958,  0.1890, -0.1033,  0.0333],
          [-0.1738,  0.1490, -0.1749, -0.0029,  0.1073],
          [-0.0668,  0.1622,  0.1850, -0.0916,  0.0234]]]])conv4.biastensor([0.1061])conv5.weighttensor([[[[-0.0347, -0.0662,  0.1660,  0.1346,  0.1231],
          [-0.1933,  0.0689,  0.1239, -0.1147,  0.1894],
          [-0.1005,  0.0924,  0.0817,  0.0057, -0.1073],
          [ 0.0042, -0.1671, -0.0890,  0.0753,  0.0913],
          [-0.0855,  0.0614,  0.1940, -0.1361, -0.1700]]]])conv5.biastensor([-0.0723])fc1.weighttensor([[-0.0039,  0.0363,  0.0014,  ..., -0.0277,  0.0270, -0.0159],
        [ 0.0224,  0.0332, -0.0312,  ...,  0.0314,  0.0168,  0.0048],
        [ 0.0210,  0.0325,  0.0174,  ..., -0.0109,  0.0109, -0.0284],
        ...,
        [-0.0185, -0.0180, -0.0277,  ..., -0.0150, -0.0321,  0.0343],
        [ 0.0176, -0.0041,  0.0135,  ..., -0.0107, -0.0285, -0.0348],
        [-0.0228, -0.0126,  0.0161,  ..., -0.0164, -0.0149,  0.0100]])fc1.biastensor([ 0.0261,  0.0180,  0.0339, -0.0108, -0.0191, -0.0345,  0.0150, -0.0334,
         0.0069, -0.0279,  0.0320,  0.0005, -0.0068, -0.0168,  0.0049, -0.0069,
         0.0076, -0.0191,  0.0339, -0.0173, -0.0282, -0.0039,  0.0030,  0.0001,
         0.0269, -0.0158, -0.0264,  0.0084, -0.0065, -0.0019,  0.0339,  0.0251,
        -0.0229,  0.0152,  0.0365, -0.0153,  0.0148,  0.0007, -0.0116, -0.0037,
        -0.0222, -0.0176,  0.0073,  0.0305, -0.0262, -0.0107,  0.0236,  0.0240,
         0.0055, -0.0167, -0.0317, -0.0330,  0.0122, -0.0283, -0.0125, -0.0307,
        -0.0330, -0.0117,  0.0174,  0.0315])fc2.weighttensor([[-0.1136,  0.0503,  0.1140,  0.1027, -0.1177, -0.1111,  0.0900, -0.0726,
         -0.0103, -0.0345,  0.0286, -0.0893, -0.0082, -0.0552,  0.1161, -0.0982,
         -0.0806,  0.0709, -0.0599,  0.0957,  0.0265, -0.0743,  0.0172, -0.0758,
          0.1149, -0.0577,  0.0514,  0.0150, -0.1208, -0.0018, -0.0526, -0.1198,
          0.0365, -0.0171,  0.0537,  0.0239, -0.0221, -0.0823,  0.0377, -0.0875,
         -0.1036, -0.0286,  0.0878, -0.0379,  0.0168,  0.0555,  0.0343,  0.0825,
          0.0077,  0.1246, -0.0065, -0.0725, -0.1149,  0.0815, -0.0423,  0.0954,
          0.1235, -0.0811, -0.0049, -0.0014]])fc2.biastensor([-0.0096])

*********************************

subject 1
precision, usefulness, sensitivity, specificity, truePositive, falsePositive, trueNegative, falseNegative

standardorder, threshold = 0.01, net number = 5 5x5  conv, 10 iterations, batchsize = 1000

[0.0, 603, 0.0, 0.9836297812057295, 0, 1040, 62490, 300]
conv1.weighttensor([[[[-0.0640, -0.1713,  0.0060, -0.0727, -0.0843],
          [ 0.1232, -0.0615,  0.0834,  0.0522, -0.1132],
          [-0.1118, -0.0828, -0.0684,  0.1021, -0.0237],
          [ 0.0024, -0.0032, -0.1709, -0.1263,  0.1007],
          [-0.1848, -0.0983,  0.1204, -0.1836, -0.1324]]]])conv1.biastensor([0.1884])conv2.weighttensor([[[[ 0.0995,  0.0418,  0.0978,  0.1375,  0.1517],
          [ 0.0867, -0.1765, -0.1472, -0.1166, -0.1070],
          [ 0.0202,  0.0704, -0.1276,  0.1161,  0.1571],
          [-0.1662,  0.0043, -0.1928,  0.1305,  0.0435],
          [ 0.0125, -0.1726,  0.1904,  0.1633, -0.1355]]]])conv2.biastensor([-0.0048])conv3.weighttensor([[[[-0.0168, -0.1370, -0.1226,  0.0452, -0.1775],
          [-0.0329,  0.0804, -0.1011,  0.1963,  0.0147],
          [-0.1660, -0.1047, -0.0933, -0.0053,  0.0296],
          [ 0.1820,  0.1367,  0.1753,  0.0095, -0.1530],
          [ 0.0312,  0.0510, -0.1233, -0.1623,  0.1495]]]])conv3.biastensor([0.0315])conv4.weighttensor([[[[-0.1906, -0.0470, -0.0881, -0.0641,  0.1447],
          [-0.1440,  0.1646, -0.0323, -0.1600, -0.0386],
          [ 0.1915,  0.1205,  0.0880, -0.1219,  0.0149],
          [-0.0097,  0.0951,  0.0696, -0.1283, -0.1381],
          [-0.0584, -0.1444,  0.0866,  0.0137,  0.1736]]]])conv4.biastensor([-0.1018])conv5.weighttensor([[[[-0.0346, -0.0305,  0.0777,  0.0216,  0.0571],
          [-0.1834, -0.0615,  0.0375, -0.0714, -0.0665],
          [ 0.0310, -0.0028, -0.1726,  0.0127, -0.0410],
          [-0.1218, -0.1701, -0.1347, -0.1400,  0.0948],
          [-0.1418, -0.0021, -0.0326,  0.1605, -0.1723]]]])conv5.biastensor([0.0666])fc1.weighttensor([[ 0.0076, -0.0010, -0.0053,  ...,  0.0192, -0.0370, -0.0089],
        [ 0.0078,  0.0055, -0.0001,  ...,  0.0365,  0.0210,  0.0313],
        [ 0.0242,  0.0035, -0.0269,  ..., -0.0359, -0.0187,  0.0141],
        ...,
        [-0.0114, -0.0249, -0.0124,  ...,  0.0244,  0.0148, -0.0192],
        [ 0.0315,  0.0056,  0.0323,  ...,  0.0267, -0.0085, -0.0238],
        [-0.0036,  0.0184, -0.0067,  ...,  0.0289, -0.0102,  0.0156]])fc1.biastensor([ 0.0360,  0.0283, -0.0182, -0.0312, -0.0157, -0.0014, -0.0162,  0.0024,
        -0.0159,  0.0102,  0.0328,  0.0352, -0.0312,  0.0154, -0.0165,  0.0322,
         0.0323, -0.0019, -0.0316,  0.0299,  0.0365, -0.0344, -0.0121, -0.0372,
         0.0334, -0.0226, -0.0309,  0.0184,  0.0240,  0.0284,  0.0080, -0.0355,
         0.0003, -0.0030,  0.0103,  0.0245, -0.0118, -0.0048,  0.0345,  0.0129,
        -0.0059, -0.0035,  0.0216,  0.0233,  0.0263,  0.0325, -0.0228,  0.0361,
        -0.0175, -0.0145,  0.0275,  0.0359, -0.0199,  0.0318, -0.0296, -0.0371,
         0.0181, -0.0165, -0.0291, -0.0101])fc2.weighttensor([[ 0.0714, -0.0029,  0.0620, -0.0765,  0.1191,  0.0996, -0.1043, -0.0883,
          0.0661,  0.0267,  0.0237,  0.0638,  0.0355,  0.0985,  0.0680,  0.0186,
          0.0009,  0.0800,  0.0142,  0.0696,  0.1064,  0.0151,  0.1244, -0.0244,
         -0.0889,  0.0757,  0.0212, -0.1010,  0.0093,  0.0862, -0.0630,  0.0803,
          0.1117,  0.0464, -0.1174,  0.0988,  0.1284, -0.0727,  0.0369,  0.1260,
          0.0503,  0.0315, -0.1065,  0.0501,  0.0575,  0.0440, -0.0475,  0.0126,
          0.1112, -0.0157,  0.0317,  0.0763, -0.0628,  0.0055, -0.0143, -0.0633,
         -0.0694, -0.1096, -0.0516, -0.1234]])fc2.biastensor([-0.0954])

*********************************

subject 2
precision, usefulness, sensitivity, specificity, truePositive, falsePositive, trueNegative, falseNegative

standardorder, threshold = 0.01, net number = 5 5x5  conv, 10 iterations, batchsize = 1000

[0.011291354586171854, 53104, 1.0, 0.0015962905248755274, 600, 52538, 84, 0]
conv1.weighttensor([[[[-0.1091,  0.1261, -0.1874,  0.1493,  0.1566],
          [-0.1682,  0.0592,  0.1091,  0.0542,  0.0034],
          [-0.0537,  0.1470,  0.1720,  0.0679,  0.1252],
          [ 0.1290,  0.1813,  0.1492, -0.1429, -0.1095],
          [ 0.1366,  0.1866,  0.1064, -0.0198,  0.0008]]]])conv1.biastensor([-0.0202])conv2.weighttensor([[[[ 0.1787, -0.0884, -0.0564, -0.1925,  0.1145],
          [-0.0694, -0.1234, -0.1630,  0.0170,  0.1635],
          [-0.0319, -0.0907, -0.1871, -0.1580,  0.0526],
          [-0.1091, -0.0458, -0.0940, -0.0040,  0.0103],
          [ 0.1855, -0.1787,  0.1062, -0.1548,  0.0163]]]])conv2.biastensor([-0.0146])conv3.weighttensor([[[[ 0.0971, -0.1869,  0.0667,  0.0016,  0.0783],
          [ 0.0627,  0.1214,  0.0224, -0.0419,  0.1035],
          [ 0.0211, -0.1754,  0.1056, -0.1739, -0.0471],
          [ 0.1400, -0.1578,  0.1067,  0.1563,  0.1709],
          [ 0.1443, -0.0370, -0.0520,  0.0434, -0.0445]]]])conv3.biastensor([-0.1194])conv4.weighttensor([[[[ 0.0266, -0.1422,  0.1388, -0.0990, -0.1216],
          [ 0.1171, -0.1648,  0.1909, -0.0189,  0.1020],
          [ 0.0960, -0.1820, -0.0680,  0.0453,  0.0434],
          [-0.1204,  0.0178,  0.1658, -0.0306,  0.0482],
          [-0.1508, -0.1101, -0.1767,  0.1255, -0.1074]]]])conv4.biastensor([0.0343])conv5.weighttensor([[[[ 0.1618, -0.0806, -0.1149, -0.1450,  0.0453],
          [ 0.0356,  0.1910, -0.1956,  0.0336, -0.1288],
          [ 0.1381, -0.0414,  0.1397, -0.0687, -0.1001],
          [-0.1322,  0.1702,  0.1853, -0.1132, -0.0087],
          [ 0.1115, -0.0119,  0.1315,  0.1214,  0.0895]]]])conv5.biastensor([0.0788])fc1.weighttensor([[ 0.0206,  0.0334, -0.0305,  ..., -0.0189,  0.0277,  0.0250],
        [ 0.0002,  0.0366,  0.0197,  ..., -0.0190,  0.0190, -0.0245],
        [ 0.0158,  0.0007, -0.0019,  ..., -0.0190, -0.0089, -0.0136],
        ...,
        [ 0.0203,  0.0217,  0.0161,  ...,  0.0307, -0.0251, -0.0267],
        [ 0.0329,  0.0368, -0.0079,  ..., -0.0067, -0.0127,  0.0004],
        [-0.0205,  0.0282,  0.0168,  ...,  0.0322, -0.0220, -0.0144]])fc1.biastensor([ 0.0282, -0.0175,  0.0134,  0.0123, -0.0011, -0.0215,  0.0082, -0.0287,
        -0.0358, -0.0151,  0.0047,  0.0159, -0.0186,  0.0006, -0.0068, -0.0188,
        -0.0170,  0.0085, -0.0140, -0.0224,  0.0047, -0.0186, -0.0168,  0.0127,
        -0.0243,  0.0097, -0.0089, -0.0164,  0.0351, -0.0215,  0.0295, -0.0105,
         0.0374, -0.0342, -0.0278, -0.0333,  0.0357, -0.0370, -0.0244,  0.0116,
        -0.0279,  0.0022,  0.0038,  0.0272,  0.0138, -0.0260,  0.0166, -0.0070,
         0.0181, -0.0234, -0.0122,  0.0145, -0.0135, -0.0125,  0.0096,  0.0345,
        -0.0366, -0.0081, -0.0326, -0.0095])fc2.weighttensor([[-0.1017,  0.0086, -0.1053, -0.0525,  0.0921,  0.1055, -0.0720, -0.1003,
         -0.1219, -0.0400, -0.0963,  0.0464,  0.0488,  0.0314,  0.1193,  0.0112,
         -0.0173, -0.0549, -0.0368, -0.0425,  0.0082,  0.0593, -0.0268, -0.0768,
         -0.0907, -0.1088, -0.1198,  0.1125, -0.0870,  0.0342,  0.1216, -0.0612,
          0.1154, -0.0934,  0.0011,  0.0094,  0.1035, -0.0557, -0.0371, -0.1241,
          0.1249, -0.0524, -0.1034,  0.0342,  0.1193, -0.1090, -0.1233, -0.0359,
         -0.0766,  0.1079, -0.1073, -0.0910, -0.0446,  0.1077, -0.0038, -0.1064,
          0.1261,  0.0181, -0.0824, -0.1141]])fc2.biastensor([0.0742])

*********************************

subject 3
precision, usefulness, sensitivity, specificity, truePositive, falsePositive, trueNegative, falseNegative

zero predicted positive indices
conv1.weighttensor([[[[ -0.1583,   0.1035,  -0.2149,   0.0531,  -0.0485],
          [  0.5359,  -1.7628,  -4.2255,  -6.1808,  -5.7276],
          [  8.0531,  -9.7700, -25.7398, -10.0963,  11.6418],
          [  6.9381,  -2.4540,   6.2699,  -0.2871,  -2.2817],
          [-16.2245, -17.4239,   1.0804,  -7.0994,  -2.0733]]]])conv1.biastensor([0.0933])conv2.weighttensor([[[[  1.3280,   2.0747,   1.9878,   1.5511,   0.2583],
          [ 13.0775,   3.7211,  -9.4251, -13.3801, -10.7739],
          [-22.9330, -21.9030,  -9.9970,  33.1302,  69.8142],
          [ 15.5410,  23.5170,  -8.6284, -60.6317, -77.2616],
          [-34.9056, -73.4340, -80.3445, -71.3568, -32.8597]]]])conv2.biastensor([0.0016])conv3.weighttensor([[[[ 2.3426e+02,  2.1949e+02,  1.7658e+02,  1.7496e+02,  1.6308e+02],
          [ 1.8419e+02,  2.1664e+02,  2.9797e+02,  3.2925e+02,  3.2422e+02],
          [ 6.9701e+00,  5.7353e+00,  1.1415e+01,  1.5634e+01,  6.6281e+00],
          [ 2.2435e+01, -2.0890e-01, -9.8569e-01, -1.9624e+00, -2.5161e+00],
          [-6.1268e+00, -1.0200e+01, -1.3154e+01, -1.3261e+01, -9.4277e+00]]]])conv3.biastensor([0.0677])conv4.weighttensor([[[[-5.7951e+02, -2.1226e+01, -5.2400e+01, -2.1385e+00, -2.8745e+00],
          [-2.6018e+00, -3.5263e+00, -5.3282e+00, -6.4127e+00, -5.2332e+00],
          [-4.7047e+00, -1.5589e+00, -3.6396e+00, -2.8062e+00, -1.7528e+00],
          [-7.2106e-01, -4.7756e-01, -4.3424e-01, -7.1815e-01, -3.9647e-01],
          [-8.0919e-01, -8.3572e-01, -7.0965e-01, -1.1385e+00, -2.8780e+00]]]])conv4.biastensor([-0.1064])conv5.weighttensor([[[[nan, nan, nan, nan, nan],
          [nan, nan, nan, nan, nan],
          [nan, nan, nan, nan, nan],
          [nan, nan, nan, nan, nan],
          [nan, nan, nan, nan, nan]]]])conv5.biastensor([nan])fc1.weighttensor([[nan, nan, nan,  ..., nan, nan, nan],
        [nan, nan, nan,  ..., nan, nan, nan],
        [nan, nan, nan,  ..., nan, nan, nan],
        ...,
        [nan, nan, nan,  ..., nan, nan, nan],
        [nan, nan, nan,  ..., nan, nan, nan],
        [nan, nan, nan,  ..., nan, nan, nan]])fc1.biastensor([nan, nan, nan, nan, nan, nan, nan, nan, nan, nan, nan, nan, nan, nan, nan, nan, nan, nan, nan, nan, nan, nan, nan, nan,
        nan, nan, nan, nan, nan, nan, nan, nan, nan, nan, nan, nan, nan, nan, nan, nan, nan, nan, nan, nan, nan, nan, nan, nan,
        nan, nan, nan, nan, nan, nan, nan, nan, nan, nan, nan, nan])fc2.weighttensor([[nan, nan, nan, nan, nan, nan, nan, nan, nan, nan, nan, nan, nan, nan, nan, nan, nan, nan, nan, nan, nan, nan, nan, nan,
         nan, nan, nan, nan, nan, nan, nan, nan, nan, nan, nan, nan, nan, nan, nan, nan, nan, nan, nan, nan, nan, nan, nan, nan,
         nan, nan, nan, nan, nan, nan, nan, nan, nan, nan, nan, nan]])fc2.biastensor([nan])

*********************************

subject 4
precision, usefulness, sensitivity, specificity, truePositive, falsePositive, trueNegative, falseNegative

standardorder, threshold = 0.01, net number = 5 5x5  conv, 10 iterations, batchsize = 1000

[0.011675931507155136, 42884, 0.8716666666666667, 0.1827278097769901, 523, 44270, 9898, 77]
conv1.weighttensor([[[[-0.1212, -0.0694,  0.0792, -0.1208, -0.0984],
          [-0.0890, -0.0557, -0.1669,  0.0588,  0.1905],
          [ 0.0612, -0.0319, -0.1307, -0.0828,  0.0265],
          [-0.1866,  0.0206,  0.0379,  0.0814,  0.1059],
          [-0.1815, -0.0027, -0.0884,  0.1200, -0.1170]]]])conv1.biastensor([0.0034])conv2.weighttensor([[[[-0.1246, -0.1906,  0.1242,  0.1531, -0.1721],
          [-0.0058, -0.1372, -0.1858,  0.0657,  0.0489],
          [ 0.0678,  0.0050, -0.1904, -0.0503, -0.0233],
          [ 0.0567, -0.1048,  0.1467, -0.1177, -0.1698],
          [ 0.0917, -0.1011, -0.0804, -0.0941, -0.1627]]]])conv2.biastensor([-0.0547])conv3.weighttensor([[[[ 0.1656,  0.1258, -0.1327, -0.1920,  0.1458],
          [ 0.1010,  0.0860,  0.0151,  0.1425,  0.1977],
          [ 0.0663,  0.1615,  0.1276,  0.1048,  0.1665],
          [-0.0960, -0.0809,  0.1336,  0.1921, -0.0622],
          [-0.1508,  0.1720, -0.1832, -0.1381,  0.1206]]]])conv3.biastensor([-0.0623])conv4.weighttensor([[[[-0.1151,  0.0583, -0.1550, -0.1252, -0.1264],
          [ 0.0406, -0.0145, -0.0529, -0.1934, -0.0138],
          [-0.1100, -0.1358,  0.1277, -0.1279, -0.1216],
          [ 0.0346,  0.0768, -0.0526, -0.1100, -0.1306],
          [-0.0590,  0.0817, -0.1281, -0.1644,  0.0557]]]])conv4.biastensor([0.0312])conv5.weighttensor([[[[-0.1469, -0.1117, -0.1946,  0.0286,  0.0119],
          [-0.0175, -0.1903, -0.0820, -0.1627, -0.0562],
          [-0.0217, -0.0832,  0.0895, -0.0015,  0.0691],
          [-0.1629,  0.0985,  0.0160, -0.1187,  0.0923],
          [-0.1890, -0.0304,  0.0417, -0.1370, -0.1822]]]])conv5.biastensor([-0.1896])fc1.weighttensor([[-3.3355e-02,  6.1202e-03, -6.2790e-03,  ..., -3.2468e-02,
          1.0601e-02,  4.0670e-03],
        [-3.5510e-02, -3.3117e-02, -1.9904e-02,  ...,  9.8750e-04,
         -1.3210e-03, -1.6379e-02],
        [-8.9622e-03,  9.0166e-03,  1.8975e-03,  ..., -1.9943e-03,
          1.8203e-02, -4.2254e-03],
        ...,
        [ 4.9823e-03, -2.9695e-02, -2.8363e-02,  ..., -3.2997e-02,
         -1.6106e-02, -1.0130e-02],
        [-1.3043e-02, -2.8652e-02, -2.5740e-02,  ...,  1.5809e-02,
         -1.4872e-02,  7.3302e-05],
        [ 3.5755e-02,  1.7218e-03,  3.4927e-02,  ..., -3.5571e-03,
          1.4145e-02, -1.0452e-03]])fc1.biastensor([ 1.6449e-02, -2.4269e-02,  4.0056e-04,  3.3785e-03, -1.3161e-02,
        -1.3967e-02,  1.4413e-02,  1.0545e-03, -3.3126e-02,  7.6891e-03,
        -2.3042e-02,  2.5751e-02, -1.6874e-02, -9.9731e-03, -3.0223e-02,
         3.9338e-03, -4.1788e-03,  1.3193e-02,  4.6984e-03, -7.8902e-04,
        -1.8476e-02,  6.8201e-03,  3.6261e-02,  3.7642e-03,  2.7320e-02,
        -3.6024e-03, -1.4036e-02,  2.1271e-02, -3.3567e-02,  4.1273e-03,
         1.1637e-03,  2.9429e-02,  1.4210e-02, -2.2967e-03, -9.3341e-03,
         6.6944e-03,  3.0312e-02,  1.7831e-02,  5.8859e-03,  3.6164e-04,
        -2.0268e-02, -2.7075e-02, -1.3738e-02,  3.0086e-02,  9.2942e-03,
         2.6102e-02,  2.0690e-02, -1.5328e-02,  9.8433e-03,  3.1703e-02,
         3.6803e-03,  3.5769e-02,  1.8793e-02,  6.3644e-06, -1.9404e-02,
        -2.1470e-02, -1.5720e-02, -2.1560e-02, -3.1105e-02,  7.4113e-03])fc2.weighttensor([[ 0.0456, -0.0693, -0.0821, -0.0011, -0.0211, -0.0639,  0.0285,  0.0283,
         -0.0223,  0.1258,  0.1112, -0.0373,  0.0927, -0.0601,  0.0198,  0.0107,
          0.0719, -0.0217, -0.0616,  0.1239,  0.0170,  0.0370, -0.1109, -0.0014,
          0.0649,  0.0284, -0.0858,  0.1248,  0.0844, -0.0636,  0.1127,  0.0208,
         -0.0711,  0.0780, -0.0237, -0.0895, -0.0078,  0.0343,  0.0525, -0.1200,
         -0.0823, -0.0265, -0.0711,  0.0822,  0.0464, -0.0087, -0.0042,  0.0033,
          0.0438, -0.0096,  0.0024, -0.0506, -0.0173, -0.0785,  0.0449, -0.1036,
         -0.0457, -0.0298,  0.0614, -0.0546]])fc2.biastensor([0.0596])

*********************************

subject 5
precision, usefulness, sensitivity, specificity, truePositive, falsePositive, trueNegative, falseNegative

standardorder, threshold = 0.01, net number = 5 5x5  conv, 10 iterations, batchsize = 1000

[0.023674505294047667, 24890, 0.995, 0.05623490627515621, 597, 24620, 1467, 3]
conv1.weighttensor([[[[-0.1502, -0.0567, -0.0481, -0.0420, -0.1882],
          [-0.1929, -0.0975, -0.1224,  0.1985,  0.0680],
          [-0.1539,  0.0616,  0.0507, -0.0257,  0.1755],
          [-0.1567, -0.0478, -0.0562, -0.1472,  0.1328],
          [-0.1577,  0.0309,  0.0785,  0.0910, -0.0352]]]])conv1.biastensor([-0.0814])conv2.weighttensor([[[[-0.0969, -0.1110, -0.0413, -0.0445,  0.0501],
          [-0.1739,  0.0891,  0.1007,  0.0527, -0.0181],
          [-0.0910,  0.1712, -0.0445,  0.0149,  0.1689],
          [-0.0318,  0.0569, -0.1683, -0.1697, -0.1057],
          [ 0.1315,  0.1457,  0.1261, -0.0054,  0.1795]]]])conv2.biastensor([0.1008])conv3.weighttensor([[[[ 0.1804, -0.1042,  0.0284,  0.0921,  0.1575],
          [-0.1588,  0.1347, -0.1648,  0.0551,  0.0067],
          [ 0.0254,  0.1297,  0.1965, -0.1112, -0.0661],
          [ 0.0551, -0.1139,  0.1811,  0.0100, -0.1508],
          [ 0.1337,  0.0429,  0.1929,  0.0091, -0.1284]]]])conv3.biastensor([0.1743])conv4.weighttensor([[[[-0.0489, -0.0748, -0.0844,  0.1964,  0.1823],
          [-0.1823,  0.1502, -0.1796,  0.1718,  0.0067],
          [ 0.1651, -0.0791,  0.0814, -0.1543, -0.1795],
          [-0.0917, -0.1520,  0.1020, -0.0993,  0.1370],
          [ 0.0775, -0.1885,  0.0138, -0.1358,  0.1797]]]])conv4.biastensor([-0.1058])conv5.weighttensor([[[[-0.1975, -0.0817, -0.1106, -0.0268,  0.0846],
          [-0.0418, -0.0632,  0.0617,  0.1092, -0.0003],
          [ 0.0152, -0.0593, -0.0563,  0.0440, -0.1755],
          [ 0.1232, -0.1314, -0.0210, -0.0513, -0.1009],
          [-0.0491, -0.0191, -0.1576,  0.0747,  0.0878]]]])conv5.biastensor([-0.1289])fc1.weighttensor([[-0.0060, -0.0353,  0.0352,  ...,  0.0076,  0.0186,  0.0003],
        [ 0.0004, -0.0283,  0.0304,  ..., -0.0081, -0.0036,  0.0213],
        [ 0.0223,  0.0079, -0.0225,  ..., -0.0087, -0.0104, -0.0090],
        ...,
        [-0.0117,  0.0240, -0.0135,  ...,  0.0053, -0.0141, -0.0163],
        [-0.0184,  0.0055, -0.0191,  ..., -0.0183, -0.0205, -0.0150],
        [ 0.0117, -0.0229,  0.0199,  ...,  0.0278,  0.0203, -0.0031]])fc1.biastensor([-0.0334,  0.0359,  0.0177,  0.0231,  0.0209, -0.0003,  0.0240, -0.0098,
         0.0272,  0.0331,  0.0199, -0.0121, -0.0077,  0.0138, -0.0018, -0.0333,
        -0.0028,  0.0168,  0.0251,  0.0002,  0.0331, -0.0295, -0.0264,  0.0089,
        -0.0246, -0.0114, -0.0181, -0.0363, -0.0023, -0.0326,  0.0204,  0.0227,
         0.0184, -0.0156,  0.0305, -0.0375,  0.0367,  0.0035, -0.0158, -0.0342,
         0.0060, -0.0129, -0.0309, -0.0333, -0.0219,  0.0156, -0.0240,  0.0270,
         0.0280, -0.0325, -0.0121,  0.0369,  0.0319,  0.0086,  0.0229,  0.0203,
         0.0249, -0.0316,  0.0316,  0.0040])fc2.weighttensor([[-2.4811e-02, -1.2717e-02, -2.1874e-02, -6.1593e-02, -5.6184e-03,
         -8.7747e-02, -1.2855e-04, -9.5546e-02,  5.6805e-02, -4.8266e-03,
          1.3020e-01,  3.1237e-02, -1.2244e-01, -1.1720e-01,  1.0390e-01,
          1.1728e-01, -8.1598e-02,  7.5865e-02, -9.9598e-02, -6.0354e-02,
          1.0963e-01, -9.5768e-02, -7.6583e-02, -6.2547e-02,  5.4765e-02,
          3.9614e-02, -8.8347e-02, -1.0102e-01,  4.6020e-02, -6.0173e-02,
          1.5533e-02, -1.0923e-01, -1.0752e-01, -1.2859e-01,  4.5223e-02,
         -2.2258e-02, -2.2970e-03, -4.4801e-02,  8.0686e-02,  1.2573e-01,
          9.4922e-02, -7.4875e-02, -1.6073e-02,  2.4051e-02, -6.3254e-02,
          5.4698e-02, -4.2741e-02, -2.8640e-02,  2.0549e-02,  4.2080e-02,
          1.9229e-02,  3.5231e-02, -5.0251e-02, -1.0282e-01, -2.6709e-02,
         -7.1426e-02, -1.2374e-01,  6.1804e-02, -1.0281e-01, -2.0821e-02]])fc2.biastensor([0.0070])

*********************************

subject 6
precision, usefulness, sensitivity, specificity, truePositive, falsePositive, trueNegative, falseNegative

standardorder, threshold = 0.01, net number = 5 5x5  conv, 10 iterations, batchsize = 1000

[0.021036392959820488, 28517, 1.0, 0.002999357280582732, 600, 27922, 84, 0]
conv1.weighttensor([[[[ 0.1225,  0.1315, -0.1361, -0.1343, -0.0591],
          [-0.0570,  0.0171, -0.0126,  0.1331, -0.0319],
          [ 0.1470, -0.1062, -0.0880, -0.0196,  0.1332],
          [ 0.1147, -0.1442,  0.0758,  0.1324,  0.1004],
          [-0.1401, -0.1122, -0.0437, -0.1047,  0.1736]]]])conv1.biastensor([-0.1104])conv2.weighttensor([[[[ 0.1521, -0.1081,  0.1345, -0.0914,  0.1131],
          [ 0.0369, -0.0796, -0.1773, -0.0858,  0.1698],
          [ 0.1378, -0.0801, -0.1321, -0.1663,  0.0731],
          [ 0.0646,  0.0035, -0.0929, -0.0163,  0.0985],
          [-0.1504, -0.1530, -0.1833, -0.1387, -0.1577]]]])conv2.biastensor([0.0672])conv3.weighttensor([[[[ 1.1944e-01, -1.9326e-01, -1.0503e-01,  1.9066e-01, -1.0001e-01],
          [ 1.5602e-01, -1.1492e-01, -8.9845e-02,  5.7073e-02,  1.0430e-04],
          [ 2.5579e-02,  1.8938e-01,  1.1783e-02,  4.5071e-02,  7.0612e-02],
          [ 4.7323e-02, -5.2503e-03, -1.3057e-01,  1.3554e-01,  6.9529e-02],
          [-6.6088e-03,  4.2084e-02, -9.2424e-02,  9.1985e-02,  1.3616e-01]]]])conv3.biastensor([-0.1807])conv4.weighttensor([[[[ 0.1628,  0.1442, -0.0215, -0.1325, -0.0903],
          [ 0.0073, -0.1957, -0.1549,  0.1497,  0.1698],
          [ 0.1897,  0.0837, -0.1961, -0.0572, -0.0782],
          [ 0.1290,  0.0955,  0.0106,  0.1924,  0.1452],
          [ 0.1252,  0.0803, -0.0015, -0.1261, -0.1934]]]])conv4.biastensor([0.1974])conv5.weighttensor([[[[ 0.1028,  0.0095,  0.0366,  0.0343, -0.1316],
          [-0.0878,  0.0767, -0.1985,  0.1299, -0.0837],
          [-0.1396, -0.0270, -0.1208,  0.1418, -0.1376],
          [-0.1421,  0.0652, -0.0174, -0.1589, -0.0586],
          [ 0.0854,  0.1508,  0.0523,  0.1785, -0.0027]]]])conv5.biastensor([-0.0948])fc1.weighttensor([[-0.0125, -0.0182, -0.0354,  ...,  0.0242,  0.0291,  0.0072],
        [-0.0322,  0.0020,  0.0082,  ...,  0.0077, -0.0345, -0.0231],
        [ 0.0107,  0.0139,  0.0179,  ...,  0.0122, -0.0345,  0.0309],
        ...,
        [-0.0247,  0.0276, -0.0368,  ...,  0.0192, -0.0289, -0.0249],
        [ 0.0231,  0.0213, -0.0071,  ..., -0.0126,  0.0307, -0.0109],
        [-0.0317,  0.0127, -0.0152,  ...,  0.0041, -0.0146,  0.0159]])fc1.biastensor([-0.0050,  0.0218, -0.0165, -0.0230,  0.0311, -0.0191,  0.0347,  0.0093,
        -0.0173, -0.0229, -0.0115, -0.0337, -0.0242,  0.0282,  0.0328, -0.0109,
        -0.0238, -0.0312,  0.0317,  0.0189,  0.0372,  0.0349,  0.0209,  0.0353,
        -0.0366,  0.0105, -0.0158,  0.0117, -0.0171, -0.0263, -0.0200, -0.0064,
         0.0268, -0.0336,  0.0372, -0.0220,  0.0114, -0.0317,  0.0121,  0.0195,
        -0.0282,  0.0203,  0.0221,  0.0132,  0.0349,  0.0159,  0.0165,  0.0236,
        -0.0006,  0.0177, -0.0318,  0.0335,  0.0213,  0.0059,  0.0226, -0.0321,
        -0.0310,  0.0094,  0.0275,  0.0254])fc2.weighttensor([[-0.0691,  0.0180,  0.0471,  0.0833,  0.1269,  0.0377, -0.0574, -0.0544,
         -0.0062,  0.1124, -0.0688,  0.0718,  0.0238,  0.0157,  0.0417,  0.0798,
          0.0221,  0.0444, -0.0697, -0.0821,  0.0546, -0.0190,  0.0440,  0.0397,
         -0.0194,  0.0243, -0.0881,  0.0480, -0.0869, -0.0893, -0.0735, -0.0112,
         -0.0526, -0.1026, -0.1173, -0.0802,  0.1033,  0.0791, -0.0791,  0.0897,
          0.0582,  0.0945, -0.0697,  0.1166,  0.0542, -0.0089,  0.0813,  0.0734,
         -0.1177,  0.0455,  0.0828, -0.1001,  0.0366,  0.1133,  0.0339, -0.0432,
         -0.1037, -0.0480, -0.0695, -0.0742]])fc2.biastensor([-0.0485])

*********************************

subject 7
precision, usefulness, sensitivity, specificity, truePositive, falsePositive, trueNegative, falseNegative

standardorder, threshold = 0.01, net number = 5 5x5  conv, 10 iterations, batchsize = 1000

[0.022779908121037244, 26300, 1.0, 0.0070213340534701595, 600, 25739, 182, 0]
conv1.weighttensor([[[[ 0.1115,  0.0755,  0.0436, -0.1902,  0.1495],
          [-0.1215,  0.0671,  0.1899,  0.0514,  0.1655],
          [-0.0169, -0.1092,  0.0365, -0.1398,  0.1496],
          [-0.0055,  0.1027,  0.1561,  0.0192, -0.1560],
          [-0.0180, -0.1947, -0.0956, -0.0187, -0.0006]]]])conv1.biastensor([0.0474])conv2.weighttensor([[[[ 0.0078, -0.1537,  0.0279,  0.0459,  0.1080],
          [ 0.1550, -0.0464,  0.1918, -0.1028, -0.1965],
          [-0.1616, -0.0784,  0.1718, -0.1031,  0.0579],
          [ 0.1694,  0.0511,  0.0609, -0.1366, -0.0411],
          [ 0.0728,  0.1969, -0.0340, -0.0405, -0.0160]]]])conv2.biastensor([-0.0882])conv3.weighttensor([[[[ 0.0891,  0.1767,  0.1027, -0.0128, -0.0807],
          [-0.0473,  0.0394,  0.1300, -0.1731,  0.1923],
          [-0.1750,  0.1699,  0.0674,  0.0445,  0.1373],
          [-0.0643, -0.0871, -0.1496,  0.1413, -0.1992],
          [-0.0710,  0.0505, -0.1116,  0.0854, -0.1397]]]])conv3.biastensor([-0.0318])conv4.weighttensor([[[[-0.0178,  0.0490, -0.0796, -0.1078, -0.1843],
          [-0.1106,  0.0487, -0.0642,  0.1030, -0.0044],
          [ 0.1227, -0.1389, -0.1688, -0.0837, -0.0120],
          [-0.1880,  0.1341, -0.1282,  0.1738, -0.0301],
          [-0.0780,  0.1389, -0.1591,  0.0117, -0.0912]]]])conv4.biastensor([0.1754])conv5.weighttensor([[[[ 0.0719, -0.0923,  0.0786,  0.0426,  0.0498],
          [ 0.0650, -0.0471, -0.1877, -0.1133,  0.1654],
          [-0.1340,  0.0005,  0.1281,  0.0883, -0.0227],
          [-0.1026,  0.1263,  0.0547, -0.0821, -0.1013],
          [-0.0413, -0.0883,  0.0985, -0.0788, -0.0026]]]])conv5.biastensor([0.0644])fc1.weighttensor([[ 0.0289,  0.0309,  0.0209,  ...,  0.0023,  0.0264,  0.0051],
        [ 0.0354,  0.0111,  0.0151,  ...,  0.0004, -0.0296, -0.0021],
        [-0.0072,  0.0322,  0.0030,  ..., -0.0184,  0.0073,  0.0153],
        ...,
        [ 0.0086, -0.0068, -0.0274,  ...,  0.0167, -0.0071,  0.0124],
        [ 0.0232, -0.0318, -0.0107,  ...,  0.0346, -0.0170,  0.0038],
        [ 0.0318, -0.0160, -0.0210,  ...,  0.0196, -0.0349,  0.0088]])fc1.biastensor([-0.0028, -0.0052, -0.0144, -0.0215, -0.0259,  0.0202,  0.0191,  0.0323,
         0.0066, -0.0309,  0.0308, -0.0089,  0.0330,  0.0343,  0.0233, -0.0101,
        -0.0351, -0.0034,  0.0247,  0.0130,  0.0224, -0.0112, -0.0339, -0.0019,
         0.0289, -0.0225,  0.0106, -0.0283,  0.0240,  0.0162,  0.0256,  0.0082,
         0.0108,  0.0310, -0.0103,  0.0176, -0.0210,  0.0124, -0.0372,  0.0211,
         0.0302,  0.0322,  0.0122, -0.0218, -0.0162,  0.0133, -0.0294, -0.0223,
        -0.0149, -0.0134,  0.0044, -0.0273,  0.0048,  0.0192, -0.0068, -0.0371,
         0.0275,  0.0313,  0.0284, -0.0162])fc2.weighttensor([[ 0.0582,  0.1223, -0.1247, -0.1191,  0.1190, -0.0745, -0.0095, -0.0553,
          0.0093,  0.1185,  0.0431,  0.0290,  0.0144,  0.0476,  0.0719, -0.0433,
         -0.0845, -0.1083,  0.1241,  0.0862, -0.1055,  0.0112,  0.1281, -0.0654,
         -0.0500,  0.0491,  0.0958, -0.0108, -0.0030, -0.1157, -0.1022,  0.0432,
         -0.0893,  0.1038,  0.1207, -0.0042,  0.0107, -0.0919,  0.1118,  0.0820,
         -0.0446,  0.0531, -0.0243,  0.0573, -0.1281, -0.0114,  0.0356,  0.0020,
          0.1132,  0.0429,  0.1215, -0.0879,  0.0271,  0.0228,  0.0783, -0.0900,
          0.1052, -0.0642,  0.0392, -0.0202]])fc2.biastensor([0.0558])

*********************************

subject 8
precision, usefulness, sensitivity, specificity, truePositive, falsePositive, trueNegative, falseNegative

standardorder, threshold = 0.01, net number = 5 5x5  conv, 10 iterations, batchsize = 1000

[0.02391867649990034, 24988, 1.0, 0.025860354087925204, 600, 24485, 650, 0]
conv1.weighttensor([[[[ 0.0820, -0.0948,  0.0651,  0.1438, -0.0437],
          [ 0.0037,  0.1115,  0.1980,  0.1929, -0.0508],
          [ 0.0376, -0.0106,  0.0905,  0.0115,  0.1077],
          [-0.1493, -0.0446, -0.0165, -0.1420, -0.1557],
          [ 0.0859,  0.0486, -0.0201, -0.0429,  0.0420]]]])conv1.biastensor([0.1946])conv2.weighttensor([[[[ 0.1604, -0.1035,  0.1887,  0.0240, -0.0089],
          [-0.1510, -0.1975,  0.1947,  0.1371, -0.0650],
          [-0.1981,  0.1353, -0.1016, -0.0575,  0.1566],
          [-0.0184, -0.0685, -0.1250, -0.1830,  0.0990],
          [ 0.1334, -0.1775, -0.1611, -0.0200,  0.0786]]]])conv2.biastensor([0.1856])conv3.weighttensor([[[[ 0.0799, -0.0198, -0.0076,  0.0973,  0.1287],
          [ 0.1538,  0.0709, -0.1168,  0.1689,  0.1067],
          [-0.1634,  0.1489, -0.1910, -0.1775,  0.1500],
          [ 0.0157,  0.0196, -0.1189, -0.1360,  0.1731],
          [ 0.1121,  0.0032,  0.1174, -0.1313, -0.1188]]]])conv3.biastensor([-0.0956])conv4.weighttensor([[[[-0.0094, -0.0723, -0.1283, -0.1932, -0.1553],
          [ 0.0377,  0.1861,  0.1999, -0.1487, -0.0203],
          [ 0.1803, -0.0403, -0.1806,  0.1552, -0.0591],
          [-0.0551,  0.1642, -0.0377,  0.1998, -0.0284],
          [ 0.1701, -0.1646,  0.1177,  0.1552, -0.1817]]]])conv4.biastensor([0.1474])conv5.weighttensor([[[[ 0.0980,  0.1432, -0.1302,  0.0045,  0.0258],
          [ 0.1083, -0.0763,  0.1959,  0.1509,  0.0907],
          [-0.1463, -0.0881,  0.1438,  0.0334, -0.1657],
          [-0.1946,  0.1581,  0.0282,  0.1795,  0.1501],
          [-0.0115, -0.1290, -0.0720,  0.0927,  0.0544]]]])conv5.biastensor([0.0706])fc1.weighttensor([[ 0.0092,  0.0339, -0.0085,  ...,  0.0303, -0.0030, -0.0342],
        [-0.0245,  0.0137,  0.0235,  ..., -0.0284, -0.0070,  0.0357],
        [ 0.0277, -0.0147, -0.0312,  ...,  0.0266,  0.0016,  0.0092],
        ...,
        [ 0.0035,  0.0133, -0.0135,  ..., -0.0072, -0.0186,  0.0365],
        [ 0.0002, -0.0151, -0.0130,  ...,  0.0254,  0.0208, -0.0236],
        [ 0.0298,  0.0090, -0.0066,  ..., -0.0208, -0.0040,  0.0095]])fc1.biastensor([ 0.0019,  0.0196,  0.0289,  0.0008,  0.0212,  0.0382,  0.0146,  0.0324,
        -0.0050, -0.0120, -0.0214, -0.0279,  0.0226,  0.0042,  0.0228,  0.0239,
        -0.0283,  0.0330,  0.0127, -0.0360, -0.0045,  0.0365, -0.0162, -0.0165,
        -0.0102, -0.0155, -0.0275,  0.0340, -0.0101, -0.0152, -0.0191,  0.0141,
         0.0300,  0.0185, -0.0035,  0.0164, -0.0185,  0.0366, -0.0047,  0.0225,
        -0.0118,  0.0013, -0.0014, -0.0050,  0.0230, -0.0367, -0.0362,  0.0336,
         0.0198,  0.0191,  0.0153, -0.0131, -0.0068,  0.0299,  0.0056, -0.0106,
        -0.0020,  0.0060, -0.0178,  0.0219])fc2.weighttensor([[-0.0641, -0.1050, -0.1073, -0.0912, -0.0437,  0.0511,  0.1202, -0.0237,
          0.0767,  0.0068, -0.0981, -0.0959, -0.1125, -0.0083, -0.1225,  0.1240,
         -0.0200, -0.0088,  0.0175, -0.0695,  0.0027, -0.0564,  0.0682, -0.1044,
          0.0383, -0.1133, -0.0507,  0.1185,  0.1009,  0.0545,  0.1122, -0.0621,
         -0.1002,  0.0913, -0.0861,  0.1235,  0.0515,  0.0616,  0.0299,  0.0561,
          0.1293, -0.0617, -0.0486,  0.0033,  0.0337, -0.0128, -0.1140, -0.0841,
         -0.0323, -0.0034, -0.0342, -0.0171, -0.1148,  0.0478,  0.0715,  0.0314,
         -0.0465, -0.0642,  0.0447,  0.0003]])fc2.biastensor([-0.0360])

*********************************

subject 9
precision, usefulness, sensitivity, specificity, truePositive, falsePositive, trueNegative, falseNegative

standardorder, threshold = 0.01, net number = 5 5x5  conv, 10 iterations, batchsize = 1000

[0.02322161157984364, 25721, 1.0, 0.0033172735170997553, 600, 25238, 84, 0]
conv1.weighttensor([[[[-0.1228, -0.0891,  0.0187,  0.1894, -0.0125],
          [ 0.0869, -0.0777, -0.0668,  0.1654,  0.1030],
          [ 0.0714,  0.1454,  0.1406,  0.1873, -0.1552],
          [-0.1385, -0.1817,  0.1376,  0.0836,  0.1973],
          [-0.0756,  0.1702, -0.1385,  0.1760,  0.0684]]]])conv1.biastensor([0.1365])conv2.weighttensor([[[[ 0.1394, -0.0928,  0.0695, -0.1444, -0.1422],
          [ 0.0020, -0.0211,  0.0150, -0.0061, -0.0456],
          [ 0.1330, -0.0602, -0.0544, -0.1467,  0.1082],
          [ 0.1313,  0.0609, -0.1946, -0.0058, -0.1611],
          [ 0.1905,  0.1176, -0.1542,  0.0633, -0.1477]]]])conv2.biastensor([0.0286])conv3.weighttensor([[[[-0.0645, -0.0720,  0.0253, -0.0292,  0.1839],
          [ 0.0975,  0.1234, -0.1433,  0.1486, -0.1216],
          [ 0.1094,  0.1986, -0.1816,  0.1282, -0.1452],
          [ 0.0094, -0.0702,  0.0693, -0.1204,  0.0336],
          [-0.1471,  0.1871,  0.1020,  0.1110, -0.0538]]]])conv3.biastensor([-0.1462])conv4.weighttensor([[[[ 0.1332, -0.1775, -0.1531,  0.0153,  0.1852],
          [ 0.1575,  0.0632, -0.0905, -0.0231,  0.1794],
          [-0.0616, -0.0019,  0.0749, -0.0762,  0.0761],
          [-0.1036,  0.1333,  0.0948,  0.0172, -0.1605],
          [ 0.1756,  0.0098, -0.1417,  0.0275,  0.1558]]]])conv4.biastensor([0.0554])conv5.weighttensor([[[[-0.0984, -0.1335,  0.1160,  0.0356,  0.1366],
          [-0.0156, -0.0189, -0.0972, -0.1792, -0.1062],
          [ 0.0890, -0.0423, -0.0463,  0.0523, -0.0516],
          [ 0.0101, -0.1832, -0.0305, -0.0383, -0.1251],
          [-0.0156, -0.0698, -0.1205, -0.1071,  0.0301]]]])conv5.biastensor([-0.1167])fc1.weighttensor([[ 0.0299,  0.0005, -0.0214,  ...,  0.0308,  0.0289, -0.0252],
        [ 0.0088,  0.0182,  0.0072,  ...,  0.0053, -0.0203,  0.0207],
        [ 0.0289, -0.0177, -0.0336,  ..., -0.0286, -0.0229,  0.0131],
        ...,
        [ 0.0019, -0.0081,  0.0164,  ...,  0.0268, -0.0243,  0.0268],
        [-0.0229, -0.0144,  0.0007,  ..., -0.0110, -0.0166, -0.0200],
        [ 0.0026,  0.0054, -0.0166,  ...,  0.0272,  0.0095,  0.0129]])fc1.biastensor([-0.0085, -0.0282, -0.0201,  0.0057,  0.0107,  0.0081,  0.0135, -0.0308,
        -0.0257,  0.0061,  0.0275,  0.0223,  0.0140,  0.0205,  0.0234, -0.0110,
        -0.0177,  0.0330, -0.0091, -0.0110,  0.0084, -0.0185,  0.0002, -0.0216,
        -0.0096,  0.0086,  0.0080,  0.0321,  0.0185,  0.0245, -0.0338,  0.0164,
         0.0240,  0.0003,  0.0206,  0.0015,  0.0325, -0.0080,  0.0109, -0.0350,
        -0.0128,  0.0067, -0.0349, -0.0019, -0.0048, -0.0091,  0.0245, -0.0197,
         0.0072, -0.0098, -0.0238,  0.0228,  0.0322,  0.0264, -0.0195, -0.0006,
         0.0316,  0.0296, -0.0149, -0.0034])fc2.weighttensor([[-0.1275,  0.0818,  0.0457,  0.0162,  0.0602,  0.0283,  0.0487, -0.1000,
          0.0932, -0.1241, -0.0409,  0.0509, -0.0811, -0.0610, -0.0052,  0.0928,
          0.1105,  0.0282, -0.0493, -0.0929,  0.1204, -0.0052, -0.0284,  0.0458,
          0.0610,  0.0853,  0.0657, -0.0222,  0.1163,  0.0369,  0.0898, -0.0885,
         -0.0939,  0.1267,  0.1268,  0.0877, -0.0899, -0.0033,  0.0794,  0.0184,
          0.0963, -0.1129,  0.0871, -0.1153,  0.0009, -0.0039, -0.0740,  0.1134,
         -0.0405,  0.0833,  0.1123, -0.0069,  0.1063,  0.0098,  0.0471,  0.0094,
         -0.0405, -0.1286,  0.0924, -0.0617]])fc2.biastensor([-0.0548])