precision, usefulness, sensitivity, specificity, truePositive, falsePositive, trueNegative, falseNegative, actualPositives



*********************************

subject 0
precision, usefulness, sensitivity, specificity, truePositive, falsePositive, trueNegative, falseNegative

standardorder, threshold = 0.02, net number = 5 5x5  conv, 10 iterations, batchsize = 1000

[0.004414751155193219, 67937, 1.0, 0.0012400720422805515, 300, 67654, 84, 0]
conv1.weighttensor([[[[-0.1702,  0.0778, -0.1612, -0.1482,  0.0111],
          [-0.0051,  0.1972, -0.1798, -0.0003,  0.0954],
          [-0.1199, -0.0162, -0.0657,  0.1433,  0.0526],
          [-0.0085, -0.1431,  0.1338,  0.0148,  0.0009],
          [ 0.1094,  0.0373,  0.0625, -0.0703, -0.0073]]]])conv1.biastensor([0.0623])conv2.weighttensor([[[[ 0.1468,  0.0254, -0.0719, -0.1481, -0.0666],
          [-0.1748, -0.1459, -0.1829,  0.0282,  0.1671],
          [ 0.1684,  0.0398,  0.1918,  0.0821,  0.1590],
          [ 0.1224,  0.1296,  0.0088, -0.1185,  0.1038],
          [ 0.0013,  0.0477, -0.0648, -0.1096, -0.1330]]]])conv2.biastensor([0.1014])conv3.weighttensor([[[[-0.0440, -0.1750, -0.1692,  0.0709,  0.0338],
          [-0.0100,  0.1151, -0.1269,  0.1269, -0.0099],
          [ 0.1635,  0.1096,  0.1411,  0.0672, -0.1870],
          [ 0.0634, -0.1998, -0.0997, -0.1021, -0.1358],
          [-0.1902, -0.0411, -0.1162, -0.0215, -0.1017]]]])conv3.biastensor([-0.1652])conv4.weighttensor([[[[ 0.1886,  0.1023, -0.1773, -0.1726,  0.0465],
          [-0.0731,  0.0658, -0.0076,  0.0420, -0.0075],
          [ 0.1442,  0.1562, -0.0151,  0.1080,  0.0201],
          [ 0.1900,  0.0575, -0.0370, -0.1811, -0.0890],
          [ 0.0673,  0.0694, -0.1823,  0.0042,  0.1168]]]])conv4.biastensor([-0.1951])conv5.weighttensor([[[[-0.0121, -0.1657, -0.0224, -0.0730,  0.0343],
          [ 0.0484,  0.1983, -0.1345, -0.1035, -0.0741],
          [-0.0407,  0.0697,  0.1716,  0.0218,  0.1068],
          [ 0.1736,  0.1839,  0.1914, -0.1007, -0.0588],
          [ 0.0894, -0.0711, -0.0464,  0.1888, -0.0371]]]])conv5.biastensor([-0.0323])fc1.weighttensor([[-0.0356,  0.0269, -0.0321,  ..., -0.0254, -0.0004,  0.0322],
        [ 0.0227, -0.0102,  0.0233,  ...,  0.0147,  0.0049, -0.0304],
        [-0.0159,  0.0023, -0.0089,  ..., -0.0008, -0.0262, -0.0158],
        ...,
        [-0.0055, -0.0007,  0.0214,  ..., -0.0272, -0.0175,  0.0352],
        [-0.0038, -0.0324, -0.0110,  ...,  0.0219, -0.0258, -0.0316],
        [-0.0002,  0.0031,  0.0204,  ..., -0.0006, -0.0248,  0.0305]])fc1.biastensor([-0.0074, -0.0332,  0.0044, -0.0218,  0.0321, -0.0168, -0.0265,  0.0208,
        -0.0122,  0.0140, -0.0036, -0.0221, -0.0181, -0.0070,  0.0083, -0.0225,
         0.0179, -0.0212,  0.0015,  0.0108,  0.0239,  0.0246, -0.0215,  0.0241,
         0.0343, -0.0126, -0.0136,  0.0051, -0.0199,  0.0100, -0.0209,  0.0293,
        -0.0049, -0.0094,  0.0087, -0.0194, -0.0177,  0.0302, -0.0058, -0.0052,
        -0.0300, -0.0099,  0.0348, -0.0077, -0.0175, -0.0035,  0.0141, -0.0079,
        -0.0278, -0.0062,  0.0129, -0.0351, -0.0238, -0.0140, -0.0012, -0.0093,
        -0.0122,  0.0283, -0.0264, -0.0351])fc2.weighttensor([[-0.0395,  0.0163,  0.0598,  0.1080,  0.0346,  0.0740, -0.0056,  0.1056,
         -0.0079,  0.1134, -0.0865, -0.0349, -0.0998, -0.1216, -0.1011,  0.1128,
          0.0362,  0.0305, -0.0615, -0.0949, -0.1228,  0.0711, -0.0452,  0.0602,
          0.0642,  0.0082,  0.0705,  0.0309,  0.1055,  0.0508, -0.1223, -0.0103,
          0.0985, -0.1172, -0.0206, -0.0744,  0.1068, -0.0166,  0.1230,  0.1007,
          0.0476, -0.0768,  0.1065,  0.0236, -0.0050, -0.0678,  0.0353,  0.1082,
          0.0430,  0.0502,  0.0053, -0.0188,  0.0438, -0.1239, -0.1141,  0.0906,
         -0.1090,  0.0741, -0.0032, -0.1119]])fc2.biastensor([0.0808])

*********************************

subject 1
precision, usefulness, sensitivity, specificity, truePositive, falsePositive, trueNegative, falseNegative

zero predicted positive indices
conv1.weighttensor([[[[ 0.0797, -0.1920, -0.1531, -0.0728,  0.1675],
          [-0.0552, -0.1454, -0.1692, -0.0609, -0.0406],
          [ 0.0898,  0.1430, -0.1661,  0.1518, -0.1912],
          [-0.0670,  0.0903,  0.1857,  0.1957, -0.1463],
          [-0.0885,  0.0850,  0.0455, -0.1689, -0.1414]]]])conv1.biastensor([-0.1425])conv2.weighttensor([[[[ 1.6918e-01,  6.4954e-02, -3.8868e-05, -1.8455e-01,  1.5694e-02],
          [-3.5784e-02,  2.7686e-02, -1.4102e-01,  2.5884e-02,  1.4568e-01],
          [ 1.5077e-01,  1.4285e-01, -1.4011e-01,  1.4915e-01, -1.8083e-02],
          [-1.2507e-01, -1.1018e-01, -1.3629e-01, -1.5315e-01,  1.0235e-01],
          [ 1.1504e-03,  5.0895e-03,  1.5585e-01,  1.5714e-03, -4.8309e-02]]]])conv2.biastensor([-0.1817])conv3.weighttensor([[[[-0.1295,  0.1497, -0.0484,  0.1252, -0.1653],
          [ 0.1051, -0.1832, -0.0587, -0.0067,  0.0262],
          [-0.0126,  0.0723, -0.1680, -0.0674, -0.0429],
          [ 0.0341,  0.0343, -0.1334, -0.1110,  0.0522],
          [-0.1622,  0.1079, -0.1665,  0.1799, -0.1912]]]])conv3.biastensor([0.1306])conv4.weighttensor([[[[ 0.1682,  0.1235,  0.0799, -0.1619,  0.0841],
          [ 0.1931,  0.0599, -0.0730,  0.1369, -0.0967],
          [ 0.1571,  0.1183,  0.1031,  0.1455,  0.1620],
          [ 0.0746,  0.0871, -0.1921, -0.0445, -0.1842],
          [ 0.1317,  0.1188, -0.1003,  0.1974, -0.1842]]]])conv4.biastensor([-0.0979])conv5.weighttensor([[[[ 0.0202,  0.0501,  0.1987, -0.0514,  0.1369],
          [-0.1810, -0.1669, -0.1641, -0.1232,  0.0335],
          [ 0.0361,  0.0574,  0.0031,  0.0260,  0.0249],
          [ 0.0921, -0.1060, -0.1100,  0.1127,  0.1051],
          [ 0.0282,  0.0293, -0.0897,  0.0127, -0.1312]]]])conv5.biastensor([-0.0746])fc1.weighttensor([[-0.0295,  0.0220,  0.0308,  ..., -0.0176, -0.0268, -0.0054],
        [ 0.0004, -0.0130,  0.0039,  ...,  0.0075,  0.0127,  0.0285],
        [-0.0151, -0.0138,  0.0309,  ..., -0.0048, -0.0335, -0.0038],
        ...,
        [ 0.0154,  0.0043,  0.0068,  ...,  0.0050,  0.0094, -0.0041],
        [ 0.0235, -0.0161,  0.0062,  ...,  0.0302,  0.0135,  0.0306],
        [-0.0143, -0.0336, -0.0304,  ...,  0.0355, -0.0288, -0.0330]])fc1.biastensor([ 0.0007, -0.0250,  0.0388,  0.0281, -0.0020,  0.0059, -0.0299,  0.0293,
         0.0156,  0.0233, -0.0003, -0.0319,  0.0168,  0.0197,  0.0314, -0.0094,
         0.0049, -0.0334, -0.0073,  0.0090,  0.0083, -0.0329, -0.0221, -0.0346,
         0.0078,  0.0368,  0.0150,  0.0115, -0.0099, -0.0092, -0.0049, -0.0071,
        -0.0082,  0.0284, -0.0049,  0.0198, -0.0370, -0.0268, -0.0093, -0.0089,
         0.0130, -0.0088,  0.0029,  0.0079, -0.0255,  0.0017,  0.0044, -0.0252,
        -0.0341, -0.0003, -0.0325, -0.0252,  0.0173,  0.0091, -0.0260,  0.0113,
        -0.0253,  0.0008,  0.0094, -0.0164])fc2.weighttensor([[ 0.1015, -0.1039,  0.0762,  0.1032, -0.0974,  0.0825, -0.0338,  0.1063,
          0.1082, -0.1071, -0.1147,  0.0382,  0.0716, -0.0895, -0.0438, -0.0746,
         -0.0973,  0.0476,  0.0085,  0.0989,  0.0464, -0.0321,  0.1154, -0.1029,
          0.0104,  0.0023,  0.1185,  0.1062, -0.1238, -0.0419,  0.1264, -0.0547,
          0.0465, -0.0076, -0.1212,  0.0927, -0.0066,  0.0393, -0.0183, -0.0102,
         -0.0591,  0.1276,  0.0954,  0.0003,  0.0305,  0.0125, -0.0576,  0.0574,
          0.1218,  0.0362, -0.0199,  0.0318, -0.0188, -0.0851,  0.0295, -0.0987,
         -0.1114, -0.0235, -0.0903, -0.0992]])fc2.biastensor([-0.0935])

*********************************

subject 2
precision, usefulness, sensitivity, specificity, truePositive, falsePositive, trueNegative, falseNegative

zero predicted positive indices
conv1.weighttensor([[[[-0.0959,  0.1875,  0.1258,  0.0359, -0.0066],
          [-0.1516,  0.0042,  0.1008,  0.0382, -0.0332],
          [ 0.1994, -0.1226,  0.1496, -0.0076,  0.1836],
          [-0.0841,  0.1066,  0.0152, -0.0193,  0.0367],
          [ 0.0345,  0.0156, -0.0214, -0.1874, -0.0222]]]])conv1.biastensor([-0.1381])conv2.weighttensor([[[[ 0.0997, -0.0516, -0.1886,  0.1931,  0.1738],
          [-0.1907, -0.0313, -0.1528, -0.1823,  0.1947],
          [ 0.1174, -0.0185, -0.1057, -0.1540, -0.1311],
          [-0.1335, -0.0375, -0.0371, -0.1201,  0.0176],
          [ 0.1119,  0.0321, -0.1744, -0.1331, -0.0245]]]])conv2.biastensor([0.1218])conv3.weighttensor([[[[ 0.1106, -0.0336,  0.0384, -0.0742, -0.1892],
          [ 0.0914, -0.0393,  0.0309, -0.1621, -0.1362],
          [ 0.1951,  0.0715,  0.1977, -0.0322, -0.1424],
          [ 0.1812,  0.0446, -0.0190, -0.0273,  0.1186],
          [-0.1894, -0.0299, -0.0263,  0.0764,  0.0482]]]])conv3.biastensor([0.1185])conv4.weighttensor([[[[ 0.1968, -0.1374, -0.0829,  0.0526, -0.1433],
          [-0.1190, -0.0058,  0.0761,  0.0328,  0.0929],
          [ 0.1949,  0.0598,  0.1662, -0.0654, -0.1814],
          [-0.1864, -0.1447, -0.0322, -0.0876,  0.0222],
          [-0.0383,  0.1129, -0.0979, -0.1257,  0.1705]]]])conv4.biastensor([-0.0467])conv5.weighttensor([[[[ 0.0166,  0.0158, -0.0320,  0.0847, -0.1606],
          [-0.1458,  0.1043,  0.0424,  0.0633, -0.1818],
          [ 0.1585,  0.1824,  0.0150, -0.0102,  0.0650],
          [ 0.0578,  0.0398,  0.1889, -0.0973, -0.1958],
          [ 0.1430,  0.1864,  0.1394,  0.1385, -0.0917]]]])conv5.biastensor([0.0560])fc1.weighttensor([[ 0.0179,  0.0096,  0.0332,  ..., -0.0224,  0.0100, -0.0365],
        [-0.0063,  0.0058, -0.0314,  ..., -0.0158, -0.0114,  0.0156],
        [ 0.0348, -0.0098, -0.0271,  ...,  0.0312, -0.0188, -0.0310],
        ...,
        [ 0.0351,  0.0010, -0.0266,  ...,  0.0141,  0.0336, -0.0275],
        [-0.0081,  0.0222, -0.0292,  ..., -0.0234, -0.0149, -0.0144],
        [ 0.0069, -0.0014, -0.0221,  ..., -0.0006,  0.0298,  0.0279]])fc1.biastensor([-0.0156, -0.0067, -0.0226, -0.0028, -0.0269,  0.0294, -0.0092,  0.0167,
         0.0024,  0.0077, -0.0009, -0.0225,  0.0125,  0.0389, -0.0030, -0.0332,
         0.0212, -0.0271,  0.0064,  0.0331, -0.0345,  0.0362, -0.0348, -0.0275,
         0.0231, -0.0041, -0.0182, -0.0174, -0.0042,  0.0218,  0.0271, -0.0257,
         0.0032,  0.0073, -0.0297, -0.0243, -0.0252, -0.0276,  0.0039,  0.0027,
         0.0295, -0.0290, -0.0068,  0.0051, -0.0024, -0.0094,  0.0262,  0.0343,
         0.0142,  0.0121, -0.0341, -0.0275,  0.0181, -0.0229,  0.0089,  0.0015,
        -0.0248, -0.0178, -0.0308, -0.0021])fc2.weighttensor([[ 0.0109, -0.0662,  0.0992, -0.0231,  0.0166, -0.1178, -0.0633,  0.0174,
         -0.1246, -0.0197,  0.0265,  0.0064, -0.0496,  0.1085,  0.0042,  0.0811,
         -0.0125, -0.0964, -0.1257,  0.0745,  0.1073,  0.0290,  0.0888, -0.0027,
          0.0324,  0.1220, -0.1174, -0.1107,  0.1046,  0.0542,  0.0822,  0.0088,
         -0.0351,  0.0115,  0.1179,  0.1094, -0.0340,  0.0787, -0.0728, -0.1183,
          0.0893,  0.0912,  0.1119,  0.0084, -0.0562,  0.1182, -0.1278, -0.0205,
          0.1278,  0.0254, -0.0089,  0.0102, -0.0926,  0.0942,  0.0634, -0.0132,
          0.0041,  0.1030,  0.0731, -0.0846]])fc2.biastensor([-0.0313])

*********************************

subject 3
precision, usefulness, sensitivity, specificity, truePositive, falsePositive, trueNegative, falseNegative

zero predicted positive indices
conv1.weighttensor([[[[-2.9376e+00, -1.8479e+00, -5.8443e+00, -5.7122e+00, -1.9861e+00],
          [-3.9728e+03, -4.3687e+03, -7.5624e+03, -7.0438e+03, -7.1418e+03],
          [-2.0030e+03, -1.2815e+03, -3.4990e+03, -2.8737e+03, -1.1036e+02],
          [-7.3843e+03, -5.7686e+03, -5.2045e+03, -1.1949e+03,  1.3336e+03],
          [ 1.1619e+04,  1.5091e+04,  1.4724e+04,  1.3013e+04,  8.5826e+03]]]])conv1.biastensor([0.6410])conv2.weighttensor([[[[-5.0854e+02, -4.3072e+03, -1.7929e+03,  2.4433e+03,  7.8826e+03],
          [ 2.5229e+02,  1.9849e+03,  1.1883e+03,  1.8797e+03,  6.9046e+03],
          [ 2.2093e+03,  3.3052e+03,  3.3998e+03,  5.2729e+03,  9.7686e+03],
          [-3.8523e+02, -3.6391e+02, -3.1950e+03,  5.6427e+03,  8.2343e+03],
          [-7.0668e+01, -2.5580e+00, -1.8595e+03, -1.4885e+03,  1.2789e+04]]]])conv2.biastensor([-0.3981])conv3.weighttensor([[[[-5.6270e+03,  2.3997e+02, -1.5036e+01, -2.1322e+00, -5.0445e+04],
          [-1.0606e+04, -2.3458e+02, -5.8608e+00, -2.0936e+02, -1.1186e+05],
          [-1.0007e+03, -1.0116e+03, -1.8057e+01,  1.6549e+00, -2.7165e+03],
          [-5.8368e+00,  9.7568e+01, -1.3446e+03, -7.6838e+02, -2.3214e+00],
          [-3.3874e+00, -3.1480e+00,  6.7742e-01, -1.7860e+03,  2.4584e+01]]]])conv3.biastensor([6.2180])conv4.weighttensor([[[[-3.3955e+02, -9.9166e+01, -8.5980e+00, -1.8286e+00, -1.0235e+00],
          [-3.0169e+00, -3.0589e+00, -3.1066e+02, -2.4079e+00, -2.8014e+00],
          [-4.4617e+00, -8.5444e+00, -2.1447e+00, -4.9865e-01, -2.4115e-01],
          [-1.1091e+00, -3.2210e+00, -3.8306e+00, -1.2433e+06, -1.0564e+00],
          [-8.1556e-01, -6.6722e-01, -1.2631e+00, -1.6925e+00, -5.8686e+00]]]])conv4.biastensor([-64.8417])conv5.weighttensor([[[[nan, nan, nan, nan, nan],
          [nan, nan, nan, nan, nan],
          [nan, nan, nan, nan, nan],
          [nan, nan, nan, nan, nan],
          [nan, nan, nan, nan, nan]]]])conv5.biastensor([nan])fc1.weighttensor([[nan, nan, nan,  ..., nan, nan, nan],
        [nan, nan, nan,  ..., nan, nan, nan],
        [nan, nan, nan,  ..., nan, nan, nan],
        ...,
        [nan, nan, nan,  ..., nan, nan, nan],
        [nan, nan, nan,  ..., nan, nan, nan],
        [nan, nan, nan,  ..., nan, nan, nan]])fc1.biastensor([nan, nan, nan, nan, nan, nan, nan, nan, nan, nan, nan, nan, nan, nan, nan, nan, nan, nan, nan, nan, nan, nan, nan, nan,
        nan, nan, nan, nan, nan, nan, nan, nan, nan, nan, nan, nan, nan, nan, nan, nan, nan, nan, nan, nan, nan, nan, nan, nan,
        nan, nan, nan, nan, nan, nan, nan, nan, nan, nan, nan, nan])fc2.weighttensor([[nan, nan, nan, nan, nan, nan, nan, nan, nan, nan, nan, nan, nan, nan, nan, nan, nan, nan, nan, nan, nan, nan, nan, nan,
         nan, nan, nan, nan, nan, nan, nan, nan, nan, nan, nan, nan, nan, nan, nan, nan, nan, nan, nan, nan, nan, nan, nan, nan,
         nan, nan, nan, nan, nan, nan, nan, nan, nan, nan, nan, nan]])fc2.biastensor([nan])

*********************************

subject 4
precision, usefulness, sensitivity, specificity, truePositive, falsePositive, trueNegative, falseNegative

standardorder, threshold = 0.02, net number = 5 5x5  conv, 10 iterations, batchsize = 1000

[0.010972130787798991, 54679, 1.0, 0.0015507310589277803, 600, 54084, 84, 0]
conv1.weighttensor([[[[ 0.5335,  0.4601,  0.3616,  0.3141,  0.5147],
          [ 0.0505,  0.1685,  0.0848,  0.1853, -0.0767],
          [ 0.0117, -0.1252, -0.0874,  0.0247,  0.0095],
          [ 0.0255, -0.1608,  0.0649, -0.0359,  0.0213],
          [-0.2527, -0.3357, -0.3877, -0.2210, -0.2661]]]])conv1.biastensor([-0.0818])conv2.weighttensor([[[[-0.0507, -0.1633, -0.2735,  0.0382,  0.1168],
          [ 0.0194, -0.0945, -0.1514,  0.0833,  0.1361],
          [-0.3046, -0.4798, -0.3360, -0.2831, -0.2862],
          [-0.4915, -0.5864, -0.7918, -0.6453, -0.4892],
          [-0.4581, -0.4347, -0.3534, -0.5334, -0.4394]]]])conv2.biastensor([0.1126])conv3.weighttensor([[[[-0.0637, -0.0999, -0.0619, -0.2368, -0.1030],
          [-0.2641, -0.1332, -0.1486, -0.2845,  0.0109],
          [-0.4484, -0.3405, -0.4387, -0.2174, -0.3603],
          [-0.6486, -0.9349, -0.6583, -0.7907, -0.6469],
          [-0.6320, -0.6531, -0.7525, -0.8144, -0.6505]]]])conv3.biastensor([-0.0291])conv4.weighttensor([[[[-0.7701, -0.6701, -0.6079, -0.5916, -0.4354],
          [-1.6131, -1.7282, -1.8115, -1.6289, -1.7613],
          [-1.1690, -1.1611, -1.0305, -0.9782, -1.1376],
          [-0.4782, -0.3706, -0.3023, -0.2278, -0.0930],
          [-0.2265, -0.1395, -0.1779, -0.1196, -0.1745]]]])conv4.biastensor([-0.1084])conv5.weighttensor([[[[-0.4781, -0.5354, -0.5252, -0.4890, -0.2679],
          [-0.2001, -0.2441, -0.2956, -0.0822, -0.0388],
          [-0.0988, -0.0839, -0.0439, -0.1367, -0.0204],
          [-0.1002,  0.0155, -0.1811,  0.0139,  0.0396],
          [-0.0319, -0.1027,  0.0136, -0.0111, -0.0430]]]])conv5.biastensor([0.2068])fc1.weighttensor([[ 0.0149,  0.0136, -0.0473,  ..., -0.0217, -0.0334, -0.0255],
        [ 0.0500,  0.0404,  0.0551,  ...,  0.0069, -0.0066, -0.0166],
        [-0.0071,  0.0107, -0.0648,  ...,  0.0066, -0.0130, -0.0118],
        ...,
        [ 0.0139,  0.0089,  0.0371,  ..., -0.0110,  0.0242, -0.0303],
        [ 0.0684,  0.0095,  0.0901,  ...,  0.0097,  0.0130,  0.0032],
        [ 0.0464, -0.0080,  0.0252,  ..., -0.0377,  0.0116,  0.0289]])fc1.biastensor([-0.0846, -0.0736, -0.1084, -0.0145, -0.0559, -0.0116, -0.0089, -0.0722,
        -0.1471, -0.0054, -0.0732,  0.0105, -0.0325, -0.0242, -0.0838,  0.0020,
        -0.0684,  0.0091, -0.0618,  0.0060,  0.0102,  0.0203, -0.1047, -0.0340,
        -0.1244, -0.0734,  0.0005,  0.0481, -0.0162, -0.0373, -0.0331, -0.0903,
        -0.1953, -0.0019, -0.0293, -0.1305, -0.1033, -0.0756, -0.0241, -0.0588,
        -0.0862,  0.0074, -0.0838, -0.0550, -0.0360, -0.0052, -0.0032, -0.0064,
        -0.0307, -0.0736, -0.0291, -0.0678, -0.1018,  0.0379,  0.0211, -0.0601,
        -0.0586,  0.0190, -0.1121, -0.0858])fc2.weighttensor([[-3.8786e-01, -3.7580e-01, -2.4118e-01, -2.8061e-02,  1.2978e-01,
          1.4931e-01, -7.0796e-03, -1.7124e-01, -5.9575e-01,  5.1245e-02,
         -1.2649e-01,  7.0700e-03, -3.5533e-02, -5.6066e-02, -4.3370e-01,
         -6.7850e-02, -3.6108e-01, -1.0078e-02, -4.7423e-01,  1.1781e-01,
         -7.3128e-02,  2.0293e-03, -2.6710e-01, -2.4736e-01, -6.1116e-01,
         -6.1500e-01, -1.2647e-01,  2.1856e-01, -3.8843e-02, -2.0576e-01,
         -9.8799e-02,  9.2999e-02, -1.0594e+00,  3.9060e-02,  4.1767e-02,
         -5.3940e-01, -3.3338e-01, -2.6468e-01,  7.8835e-02, -1.7665e-01,
         -3.2056e-01,  1.3752e-01, -3.9222e-01,  1.5630e-01, -8.6964e-02,
          9.9143e-02,  5.6933e-03,  1.4083e-01, -1.4037e-01, -2.7321e-01,
         -2.8609e-04, -3.2287e-01, -1.8812e-01,  3.9586e-02,  9.6985e-02,
         -2.0306e-01, -1.7835e-01,  1.0641e-02, -4.7195e-01, -2.9894e-01]])fc2.biastensor([0.4545])

*********************************

subject 5
precision, usefulness, sensitivity, specificity, truePositive, falsePositive, trueNegative, falseNegative

standardorder, threshold = 0.02, net number = 5 5x5  conv, 10 iterations, batchsize = 1000

[0.0, 312, 0.0, 0.9812933645110592, 0, 488, 25599, 600]
conv1.weighttensor([[[[ 0.0752, -0.1348,  0.1422, -0.0015,  0.1290],
          [ 0.1100, -0.0903,  0.0498, -0.0292, -0.0841],
          [ 0.0098, -0.0255, -0.1452, -0.0376, -0.1650],
          [-0.0156, -0.1348,  0.1465,  0.1650, -0.1409],
          [ 0.1445, -0.1794,  0.1605, -0.1772, -0.0056]]]])conv1.biastensor([-0.1638])conv2.weighttensor([[[[-0.0805, -0.0704, -0.1321, -0.0635, -0.1361],
          [-0.1252,  0.1958, -0.1690,  0.0168,  0.1514],
          [-0.1295,  0.1187, -0.0587, -0.0460,  0.0289],
          [ 0.0007,  0.0333,  0.1963,  0.0796,  0.0075],
          [-0.1608, -0.2000,  0.1581,  0.0116, -0.0889]]]])conv2.biastensor([0.1081])conv3.weighttensor([[[[-0.0362, -0.0744,  0.0100,  0.1849,  0.0518],
          [-0.0278, -0.1036,  0.1335,  0.1831,  0.1554],
          [-0.1194, -0.1337, -0.0634, -0.1681, -0.1995],
          [ 0.1525,  0.0852, -0.1285, -0.0747,  0.0666],
          [ 0.1984, -0.1305, -0.0810, -0.0294,  0.0593]]]])conv3.biastensor([-0.0814])conv4.weighttensor([[[[ 4.3280e-02, -5.3690e-02, -1.9564e-02,  1.7613e-01,  1.8561e-01],
          [-1.0945e-04, -2.2903e-02, -2.4382e-02,  1.3975e-01,  1.7286e-01],
          [ 1.4393e-01, -2.7061e-02, -1.1542e-02,  5.4166e-02, -1.7827e-01],
          [ 1.5467e-01, -1.6451e-01, -1.0126e-02, -4.6054e-03,  1.7558e-01],
          [ 5.1339e-02, -1.2385e-01, -1.2861e-01,  1.3046e-02, -1.7182e-01]]]])conv4.biastensor([0.0248])conv5.weighttensor([[[[-0.1060, -0.0601, -0.0857, -0.0984, -0.1785],
          [-0.1553, -0.1784,  0.0993,  0.0105,  0.1171],
          [ 0.0508,  0.0825,  0.1823,  0.1983,  0.1665],
          [-0.1207,  0.0472, -0.0855, -0.0631, -0.0879],
          [-0.1625,  0.0203,  0.1410,  0.0337, -0.1687]]]])conv5.biastensor([-0.0594])fc1.weighttensor([[-8.5516e-03, -2.8531e-02,  1.7254e-02,  ...,  8.2437e-03,
         -8.0653e-05,  3.0145e-02],
        [ 2.1461e-02, -3.5154e-02, -1.9012e-02,  ...,  9.2895e-03,
          3.1435e-02, -3.5463e-02],
        [-6.2137e-04,  1.9619e-02,  5.1198e-03,  ...,  1.0893e-02,
          1.7210e-02,  4.2187e-03],
        ...,
        [ 2.2508e-03,  2.9045e-02, -3.5767e-05,  ..., -1.8994e-02,
          1.7354e-02, -7.8672e-03],
        [ 3.2739e-02,  1.6751e-02,  3.1758e-02,  ..., -1.2051e-02,
         -5.1580e-03,  3.3887e-03],
        [-1.1192e-02, -1.3032e-02, -3.7865e-03,  ..., -1.8282e-02,
         -1.4689e-02,  2.0344e-02]])fc1.biastensor([-0.0068,  0.0070,  0.0059,  0.0303, -0.0028,  0.0022,  0.0091, -0.0053,
         0.0004,  0.0249, -0.0022,  0.0061,  0.0341, -0.0127, -0.0324, -0.0251,
         0.0030,  0.0156, -0.0315,  0.0009,  0.0356,  0.0094,  0.0292, -0.0199,
         0.0283,  0.0054,  0.0248, -0.0304,  0.0302,  0.0086, -0.0050,  0.0087,
         0.0131, -0.0333,  0.0324,  0.0355, -0.0008,  0.0166, -0.0011,  0.0012,
         0.0252, -0.0334, -0.0055, -0.0251, -0.0284,  0.0353, -0.0343,  0.0114,
         0.0307, -0.0084,  0.0224, -0.0052, -0.0264, -0.0053, -0.0159, -0.0312,
        -0.0073, -0.0197, -0.0059,  0.0014])fc2.weighttensor([[ 0.0057,  0.0468,  0.0055,  0.0429, -0.0035,  0.0033,  0.0088,  0.0817,
         -0.0759,  0.1186,  0.1158,  0.0403,  0.0727, -0.0511, -0.1141,  0.0279,
          0.0342,  0.0687,  0.0239, -0.1184,  0.1218,  0.0501,  0.1234,  0.0974,
         -0.0510, -0.1212, -0.0158,  0.1100, -0.0399, -0.0203, -0.0292,  0.0845,
          0.0608, -0.0129,  0.0355,  0.1037, -0.1109, -0.0414,  0.0312, -0.0141,
          0.0419, -0.0424, -0.0297,  0.1113, -0.0448,  0.0575, -0.1045, -0.0801,
         -0.0618,  0.0634, -0.1166,  0.1015,  0.0946,  0.0110, -0.1270,  0.0289,
          0.1287, -0.0236,  0.0836, -0.0279]])fc2.biastensor([0.0013])

*********************************

subject 6
precision, usefulness, sensitivity, specificity, truePositive, falsePositive, trueNegative, falseNegative

standardorder, threshold = 0.02, net number = 5 5x5  conv, 10 iterations, batchsize = 1000

[0.0, 150, 0.0, 0.9940012854388345, 0, 168, 27838, 600]
conv1.weighttensor([[[[-0.0928,  0.1650,  0.1001, -0.1880, -0.1658],
          [-0.1879, -0.1116, -0.1655, -0.0879, -0.1234],
          [ 0.0566, -0.1955, -0.0802,  0.0446, -0.0077],
          [ 0.1399,  0.0421,  0.0857,  0.1450, -0.1308],
          [-0.0977, -0.1755,  0.1305,  0.0137, -0.0703]]]])conv1.biastensor([0.0671])conv2.weighttensor([[[[-0.1344,  0.1493,  0.0592, -0.1554,  0.0776],
          [ 0.1200, -0.1412, -0.0305, -0.1289, -0.0046],
          [-0.1312,  0.1488, -0.1270, -0.1183,  0.0905],
          [ 0.0347, -0.1850, -0.1280, -0.1677, -0.1080],
          [-0.0681,  0.1498,  0.0460, -0.1848, -0.0964]]]])conv2.biastensor([0.1261])conv3.weighttensor([[[[ 0.0007, -0.1585,  0.0172, -0.1585,  0.1018],
          [ 0.1556, -0.1844, -0.1143,  0.1337,  0.1992],
          [ 0.0829, -0.0400, -0.0258, -0.0879, -0.0183],
          [-0.1115,  0.1498,  0.1323,  0.1247,  0.1012],
          [ 0.1202,  0.1658,  0.1324, -0.0394,  0.1974]]]])conv3.biastensor([-0.1869])conv4.weighttensor([[[[-0.0939, -0.0437, -0.1070,  0.0413,  0.1484],
          [ 0.0833,  0.1815, -0.1544, -0.1105, -0.0893],
          [-0.0555,  0.0781,  0.0908,  0.0425,  0.0997],
          [ 0.0478,  0.1070, -0.0025, -0.0351,  0.1786],
          [ 0.0763, -0.1657,  0.0106, -0.1536, -0.1500]]]])conv4.biastensor([0.0100])conv5.weighttensor([[[[-0.0701,  0.0346, -0.0358, -0.0314, -0.0916],
          [-0.1323, -0.1028,  0.1215, -0.1821,  0.1265],
          [ 0.0144, -0.0877,  0.0715,  0.1230, -0.0051],
          [ 0.1565, -0.1579, -0.0016, -0.1798,  0.1247],
          [ 0.0421,  0.0512, -0.0821,  0.0947, -0.0102]]]])conv5.biastensor([-0.0978])fc1.weighttensor([[-0.0181, -0.0198,  0.0050,  ..., -0.0327, -0.0256,  0.0283],
        [-0.0283, -0.0261,  0.0361,  ..., -0.0203, -0.0033,  0.0189],
        [ 0.0317,  0.0013,  0.0122,  ..., -0.0103, -0.0301, -0.0059],
        ...,
        [ 0.0305, -0.0305,  0.0120,  ...,  0.0062,  0.0218,  0.0007],
        [ 0.0370,  0.0093, -0.0270,  ...,  0.0176, -0.0074,  0.0120],
        [ 0.0352,  0.0317,  0.0107,  ...,  0.0194, -0.0244, -0.0188]])fc1.biastensor([-0.0270,  0.0009,  0.0341, -0.0127, -0.0344, -0.0305,  0.0236, -0.0074,
         0.0285,  0.0035,  0.0081,  0.0070,  0.0158, -0.0127,  0.0242,  0.0289,
         0.0160, -0.0370, -0.0260, -0.0177,  0.0144,  0.0222, -0.0185, -0.0064,
         0.0006,  0.0369, -0.0249,  0.0091, -0.0345,  0.0080, -0.0309,  0.0158,
        -0.0190,  0.0036, -0.0198, -0.0300,  0.0357,  0.0002, -0.0204,  0.0115,
         0.0106,  0.0034, -0.0167,  0.0200,  0.0249, -0.0252, -0.0211,  0.0095,
        -0.0037, -0.0252, -0.0234,  0.0089, -0.0180, -0.0280,  0.0275, -0.0191,
        -0.0099, -0.0042, -0.0166,  0.0098])fc2.weighttensor([[-0.1056, -0.1092,  0.0599, -0.0824,  0.0872, -0.1183,  0.0137,  0.1216,
          0.0506,  0.0654, -0.0837, -0.1159, -0.0100,  0.1055,  0.0024,  0.0970,
          0.0237, -0.0330,  0.0136, -0.0838,  0.1244,  0.0656,  0.0174, -0.0174,
          0.0147, -0.0715, -0.0202, -0.0176, -0.1183,  0.0832, -0.0163, -0.0194,
         -0.0011,  0.0791, -0.0275,  0.1166,  0.0182, -0.1024,  0.0174, -0.0079,
         -0.0132,  0.0362, -0.0034, -0.0848, -0.0077, -0.0514, -0.0163,  0.0270,
          0.0349, -0.0024,  0.0330, -0.0055,  0.0667, -0.0260, -0.0512, -0.0085,
         -0.1112, -0.1214, -0.0042, -0.1146]])fc2.biastensor([0.0026])

*********************************

subject 7
precision, usefulness, sensitivity, specificity, truePositive, falsePositive, trueNegative, falseNegative

standardorder, threshold = 0.02, net number = 5 5x5  conv, 10 iterations, batchsize = 1000

[0.02290863273643618, 23839, 1.0, 0.012730990316731607, 600, 25591, 330, 0]
conv1.weighttensor([[[[-0.0903, -0.1747,  0.1159,  0.0926,  0.1653],
          [ 0.1537,  0.1581,  0.0539, -0.1696, -0.0369],
          [ 0.0088, -0.1422, -0.1058, -0.0996,  0.0111],
          [ 0.0329,  0.0370,  0.1972,  0.0951,  0.1665],
          [ 0.1742, -0.1148, -0.0019,  0.0117, -0.0366]]]])conv1.biastensor([0.0032])conv2.weighttensor([[[[-0.0628,  0.1886,  0.1356,  0.1482,  0.0260],
          [-0.1826,  0.1115,  0.1767,  0.0681, -0.1070],
          [ 0.0867, -0.1742, -0.1409,  0.0051, -0.1990],
          [-0.0685, -0.1944,  0.1878,  0.1286, -0.0538],
          [ 0.1411,  0.1588, -0.0741, -0.0054, -0.1448]]]])conv2.biastensor([0.0828])conv3.weighttensor([[[[-0.1051, -0.1276, -0.1628,  0.1891,  0.0696],
          [ 0.0993, -0.0897,  0.0882,  0.0350, -0.0693],
          [ 0.0710,  0.1202, -0.1018, -0.0271, -0.0221],
          [ 0.1767,  0.0621, -0.0368, -0.0940, -0.0923],
          [-0.0307, -0.0143,  0.1684, -0.1294,  0.0223]]]])conv3.biastensor([0.0734])conv4.weighttensor([[[[ 0.0192, -0.0056,  0.0504,  0.1092,  0.1043],
          [-0.1812, -0.0409, -0.1815,  0.0076,  0.1284],
          [ 0.1258,  0.0899,  0.0844, -0.1841, -0.1211],
          [ 0.1445, -0.0782, -0.1485,  0.0185,  0.1148],
          [ 0.0555, -0.0271,  0.0202, -0.1303,  0.1699]]]])conv4.biastensor([0.0883])conv5.weighttensor([[[[-0.1937,  0.1846, -0.0084, -0.0440,  0.1506],
          [-0.0927, -0.1192, -0.1298, -0.0061, -0.0319],
          [-0.1805,  0.0788, -0.1121, -0.0656, -0.1541],
          [ 0.0550, -0.1687,  0.0874,  0.1294, -0.1677],
          [-0.1048,  0.1151,  0.0256,  0.1687, -0.0114]]]])conv5.biastensor([-0.0646])fc1.weighttensor([[-0.0324, -0.0350, -0.0246,  ...,  0.0106,  0.0179,  0.0066],
        [ 0.0015, -0.0265, -0.0095,  ...,  0.0006, -0.0056,  0.0367],
        [-0.0167, -0.0243,  0.0088,  ...,  0.0056, -0.0181,  0.0251],
        ...,
        [-0.0089,  0.0130, -0.0206,  ..., -0.0146, -0.0286,  0.0040],
        [-0.0160, -0.0146,  0.0015,  ...,  0.0146,  0.0297, -0.0318],
        [ 0.0057,  0.0037, -0.0080,  ...,  0.0281,  0.0068, -0.0102]])fc1.biastensor([-0.0089, -0.0146,  0.0130, -0.0351, -0.0119,  0.0124,  0.0304, -0.0195,
        -0.0082,  0.0273, -0.0032, -0.0017,  0.0332,  0.0257,  0.0353, -0.0211,
         0.0079,  0.0281,  0.0295, -0.0176, -0.0166, -0.0108, -0.0140,  0.0296,
        -0.0370, -0.0221, -0.0240, -0.0032,  0.0107,  0.0095, -0.0065,  0.0140,
         0.0156, -0.0219,  0.0334,  0.0367,  0.0058, -0.0315,  0.0107, -0.0095,
         0.0237, -0.0231, -0.0305,  0.0069, -0.0028, -0.0004,  0.0012,  0.0062,
         0.0285, -0.0337, -0.0099,  0.0176,  0.0022, -0.0077, -0.0174, -0.0329,
         0.0164,  0.0323,  0.0332,  0.0145])fc2.weighttensor([[-1.0223e-01,  1.1220e-01, -4.9213e-02, -5.7236e-02,  1.1448e-01,
          6.8142e-02,  7.1434e-02, -9.2000e-02,  3.6199e-02,  6.7730e-02,
         -7.0718e-02, -4.7976e-02,  2.5374e-02, -4.4779e-02, -3.0484e-02,
          1.1967e-01, -1.1775e-02, -5.8193e-02,  6.1233e-02,  3.0505e-02,
          1.1764e-01, -7.5646e-02,  4.6544e-02,  1.1893e-02,  9.5736e-02,
          1.1408e-01, -2.8760e-02,  1.1451e-01,  2.7603e-02, -7.8901e-02,
          6.1864e-02, -1.2872e-01, -4.1323e-02, -7.8893e-02, -1.1419e-01,
         -3.8557e-02,  2.5639e-02, -8.5963e-02, -2.6274e-02, -1.2309e-01,
         -5.0580e-02, -8.9191e-02, -2.2125e-02, -6.7195e-02, -1.1476e-01,
          9.4177e-02, -5.8867e-02, -1.0435e-01, -6.0155e-02,  1.2693e-01,
          1.1044e-01,  3.5515e-02, -2.1158e-02,  1.2102e-01, -4.9022e-02,
          1.0249e-01,  5.0493e-02,  1.1365e-01,  6.2710e-02, -1.4175e-05]])fc2.biastensor([0.0208])

*********************************

subject 8
precision, usefulness, sensitivity, specificity, truePositive, falsePositive, trueNegative, falseNegative

standardorder, threshold = 0.02, net number = 5 5x5  conv, 10 iterations, batchsize = 1000

[0.02340184874605094, 23802, 1.0, 0.0038193753729858764, 600, 25039, 96, 0]
conv1.weighttensor([[[[ 0.0898,  0.0431,  0.1071,  0.1151,  0.1151],
          [ 0.0910,  0.0320,  0.1690,  0.0090,  0.0658],
          [ 0.0268,  0.1939,  0.1453, -0.0160,  0.1607],
          [ 0.0520,  0.0251, -0.0929,  0.0735,  0.1026],
          [-0.1376, -0.0982, -0.0192,  0.1159,  0.1360]]]])conv1.biastensor([-0.1847])conv2.weighttensor([[[[-0.0566,  0.1756,  0.0119, -0.1392, -0.0914],
          [ 0.0809, -0.0480,  0.1651, -0.1705,  0.1883],
          [ 0.1792,  0.1926, -0.1454,  0.1491,  0.0101],
          [ 0.0892,  0.0330, -0.0458, -0.1884,  0.1779],
          [-0.1044, -0.0502,  0.1274,  0.1910,  0.1288]]]])conv2.biastensor([-0.1644])conv3.weighttensor([[[[ 0.0074,  0.0071, -0.0292,  0.1926, -0.1078],
          [-0.0582,  0.0189, -0.1720,  0.1622,  0.0914],
          [-0.0591, -0.1612, -0.0723, -0.1672, -0.1937],
          [-0.1620, -0.1159, -0.1920, -0.0040, -0.0264],
          [-0.1972,  0.0920,  0.0400,  0.1673, -0.0435]]]])conv3.biastensor([0.1607])conv4.weighttensor([[[[ 0.0630,  0.1907,  0.1829, -0.1349, -0.1781],
          [ 0.1488,  0.1778,  0.1601,  0.0071,  0.0529],
          [-0.1380,  0.1943, -0.0843, -0.1596, -0.1962],
          [-0.1901, -0.1657, -0.1539,  0.0749,  0.1224],
          [-0.0978, -0.0324,  0.0008,  0.0315,  0.0287]]]])conv4.biastensor([0.0765])conv5.weighttensor([[[[ 0.1840, -0.0780,  0.0976,  0.0501,  0.1403],
          [-0.1731, -0.0276,  0.0756, -0.0367, -0.1457],
          [-0.1786,  0.1281,  0.1709,  0.1288, -0.0617],
          [ 0.1000, -0.0622, -0.0588,  0.1467, -0.0358],
          [ 0.1947, -0.0600,  0.0877,  0.0361,  0.0053]]]])conv5.biastensor([-0.0133])fc1.weighttensor([[-0.0197,  0.0333, -0.0261,  ..., -0.0220,  0.0284, -0.0351],
        [ 0.0258,  0.0123,  0.0117,  ..., -0.0109,  0.0113, -0.0008],
        [ 0.0070, -0.0049,  0.0185,  ...,  0.0032, -0.0051,  0.0179],
        ...,
        [ 0.0006, -0.0298, -0.0299,  ...,  0.0072,  0.0217,  0.0079],
        [ 0.0175, -0.0250,  0.0350,  ...,  0.0149,  0.0048, -0.0112],
        [ 0.0043,  0.0327, -0.0143,  ...,  0.0020, -0.0271, -0.0217]])fc1.biastensor([-0.0184, -0.0048,  0.0224,  0.0233,  0.0268,  0.0300, -0.0271, -0.0308,
         0.0276,  0.0305,  0.0175, -0.0050,  0.0216,  0.0227, -0.0354,  0.0195,
         0.0353,  0.0363,  0.0096,  0.0259, -0.0177,  0.0055,  0.0011, -0.0147,
         0.0236, -0.0160,  0.0119, -0.0284,  0.0363, -0.0147, -0.0142,  0.0311,
         0.0090,  0.0118, -0.0188, -0.0169,  0.0282,  0.0178,  0.0248, -0.0365,
         0.0098, -0.0057,  0.0160, -0.0080, -0.0039, -0.0072, -0.0116, -0.0102,
         0.0170,  0.0201,  0.0113,  0.0106, -0.0191, -0.0062, -0.0017,  0.0235,
        -0.0222, -0.0319, -0.0011, -0.0165])fc2.weighttensor([[-2.0184e-02, -4.6476e-02, -1.2647e-01,  1.0803e-01,  6.5221e-03,
          4.7670e-05, -2.5655e-02, -8.8471e-02, -2.6259e-03, -2.5608e-02,
          7.8701e-02,  1.8600e-02,  8.6738e-02, -2.3310e-02, -7.3457e-02,
          1.2120e-01, -9.9309e-02,  1.0786e-01, -1.2301e-01, -7.9850e-02,
          1.0743e-01,  1.1304e-01,  5.6904e-02,  3.7259e-02,  6.9378e-02,
          2.6566e-02, -2.1828e-02, -4.9488e-02,  2.1206e-02,  9.8111e-02,
          5.1245e-02,  3.4484e-02,  8.6019e-02,  1.1122e-01, -2.2746e-02,
          8.5893e-02,  6.4192e-02,  6.4769e-02, -5.6720e-02, -8.6280e-02,
         -3.1616e-02,  1.0798e-01, -1.9433e-02,  5.8648e-02,  9.3750e-02,
         -1.1767e-01, -5.9455e-02,  5.2491e-02,  3.0659e-02,  7.8688e-02,
         -1.1363e-01,  3.4364e-02,  6.8016e-02, -8.3214e-05, -2.8570e-02,
         -1.1614e-01, -1.1255e-01, -7.8389e-02, -9.4478e-02, -8.6697e-02]])fc2.biastensor([0.0158])

*********************************

subject 9
precision, usefulness, sensitivity, specificity, truePositive, falsePositive, trueNegative, falseNegative

standardorder, threshold = 0.02, net number = 5 5x5  conv, 10 iterations, batchsize = 1000

[0.001936108422071636, 857, 0.0033333333333333335, 0.9592844167127399, 2, 1031, 24291, 598]
conv1.weighttensor([[[[-0.0776,  0.0241, -0.1867, -0.1442,  0.0728],
          [ 0.0477,  0.1962,  0.0499, -0.1152,  0.0022],
          [-0.0103,  0.1786, -0.1927,  0.0501,  0.1969],
          [-0.1053,  0.0613, -0.0772,  0.1866, -0.1819],
          [ 0.1847, -0.0961, -0.0908,  0.0833,  0.1929]]]])conv1.biastensor([-0.0436])conv2.weighttensor([[[[ 0.1415, -0.0472,  0.1300,  0.1770, -0.0122],
          [-0.1321, -0.0654, -0.1763,  0.0325,  0.1711],
          [-0.1829, -0.0043,  0.0097,  0.0100, -0.1753],
          [ 0.1824,  0.1078,  0.0191,  0.0859, -0.1765],
          [ 0.0046, -0.1770, -0.0798,  0.0290,  0.0185]]]])conv2.biastensor([0.0503])conv3.weighttensor([[[[-0.1356,  0.0385, -0.0774, -0.1658, -0.0361],
          [ 0.1085,  0.1458,  0.0116,  0.1570,  0.1820],
          [-0.1296, -0.0087, -0.0790,  0.1137,  0.0975],
          [-0.0165,  0.0439, -0.0759, -0.0280, -0.0698],
          [ 0.0141, -0.1648, -0.1935, -0.1489, -0.1037]]]])conv3.biastensor([-0.1187])conv4.weighttensor([[[[ 0.1516,  0.0357, -0.0369,  0.0170,  0.1857],
          [-0.0720,  0.0381, -0.1713,  0.0632, -0.1046],
          [-0.0919, -0.1753, -0.1414, -0.1980, -0.1759],
          [-0.0613, -0.0803, -0.1495,  0.1945, -0.1334],
          [-0.1662,  0.0755,  0.0186, -0.0044, -0.1423]]]])conv4.biastensor([-0.0746])conv5.weighttensor([[[[ 0.0331, -0.0951, -0.0268,  0.1320,  0.0714],
          [ 0.1930, -0.1212,  0.1872, -0.1843, -0.0830],
          [-0.1533, -0.1485, -0.1716, -0.1221, -0.1505],
          [ 0.1547, -0.0263, -0.1658,  0.1287, -0.1965],
          [ 0.0912, -0.0741,  0.0236, -0.1002,  0.1293]]]])conv5.biastensor([-0.0139])fc1.weighttensor([[ 0.0339, -0.0128, -0.0298,  ...,  0.0219, -0.0019, -0.0088],
        [ 0.0199,  0.0170, -0.0155,  ..., -0.0201,  0.0073,  0.0221],
        [-0.0362,  0.0056, -0.0062,  ..., -0.0211, -0.0098, -0.0143],
        ...,
        [-0.0132, -0.0270,  0.0258,  ...,  0.0130, -0.0119,  0.0273],
        [-0.0287, -0.0011, -0.0184,  ..., -0.0372, -0.0199,  0.0087],
        [ 0.0305,  0.0042,  0.0258,  ..., -0.0099, -0.0201,  0.0349]])fc1.biastensor([ 0.0117,  0.0299, -0.0024,  0.0333,  0.0189, -0.0085, -0.0279, -0.0072,
         0.0361, -0.0255, -0.0309, -0.0071,  0.0043, -0.0083,  0.0188, -0.0133,
         0.0232,  0.0177, -0.0104,  0.0294, -0.0249,  0.0182, -0.0072, -0.0366,
        -0.0358, -0.0103, -0.0312,  0.0021,  0.0092,  0.0039,  0.0020, -0.0075,
         0.0271,  0.0250,  0.0209,  0.0111, -0.0004, -0.0081,  0.0333,  0.0195,
        -0.0197,  0.0179,  0.0333, -0.0179, -0.0166,  0.0017,  0.0219,  0.0078,
        -0.0076, -0.0336, -0.0141,  0.0013,  0.0229, -0.0020, -0.0052,  0.0264,
         0.0090, -0.0173,  0.0122, -0.0184])fc2.weighttensor([[ 0.1038,  0.0949, -0.0255,  0.0857, -0.0420,  0.1203,  0.0373, -0.1290,
          0.0328,  0.0025,  0.0593,  0.1039, -0.1162, -0.0998,  0.0260,  0.1055,
          0.0128,  0.0479,  0.0552, -0.0453,  0.0930,  0.0716,  0.0988, -0.0339,
         -0.0759,  0.0804, -0.1160, -0.0683, -0.0261,  0.0188, -0.0132, -0.0635,
          0.0611,  0.0978,  0.0415, -0.1041, -0.1058,  0.0812, -0.0894, -0.0728,
          0.0876,  0.0990, -0.1214, -0.0789,  0.0972,  0.0307, -0.0389,  0.0362,
          0.1140,  0.0295, -0.0045, -0.0669, -0.0316,  0.0258, -0.1118, -0.0213,
         -0.0664,  0.1172, -0.0797,  0.0643]])fc2.biastensor([-0.0040])